   1.2157706e-02
   1.2289415e-02
   1.2176646e-02
   1.5577109e-02
   1.1883122e-02
   1.2952084e-02
   1.2647071e-02
   1.2426657e-02
   1.3239486e-02
   1.4342002e-02
   1.2844151e-02
   1.2200236e-02
   1.1749281e-02
   1.2574307e-02
   7.9853312e-03
   1.2373074e-02
   1.2671285e-02
   1.1990007e-02
   1.2359810e-02
   1.2116597e-02
   5.5791333e-03
   1.2320796e-02
   1.1747191e-02
   1.3067289e-02
   1.1796433e-02
   1.5471351e-02
   1.3431513e-02
   1.2235148e-02
   1.2118484e-02
   1.1106445e-02
   8.5265287e-03
   1.6703416e-02
   1.0253848e-02
   1.3970384e-02
   9.6396341e-03
   8.4822546e-03
   5.7232424e-04
   1.2965640e-02
   1.1651512e-02
   1.6703416e-02
   9.7920981e-03
   1.3078434e-02
   1.2463673e-02
   8.9142274e-03
   1.2161511e-02
   1.2193485e-02
   1.2350761e-02
   1.2246171e-02
   1.1557633e-02
   1.1798016e-02
   1.1091553e-02
   1.1982400e-02
   1.1246010e-02
   1.3824849e-02
   1.2311483e-02
   1.4081236e-02
   6.4689612e-03
   5.7232424e-04
   1.2461309e-02
   1.0213125e-02
   1.2940285e-02
   6.8567559e-03
   1.4815930e-02
   9.8325268e-03
   6.9288211e-03
   1.1226748e-02
   6.1124535e-03
   1.1797591e-02
   1.7215944e-03
   1.2382223e-02
   9.6429833e-04
   7.0784811e-03
   1.0421735e-02
   1.2672583e-02
   9.6429833e-04
   1.1146762e-02
   1.1278959e-02
   8.5573171e-03
   6.7357273e-03
   8.8439451e-03
   1.8873898e-03
   1.0567913e-02
   1.4596274e-02
   1.1756730e-02
   1.1814743e-02
   6.6133489e-03
   1.3321054e-02
   6.9221976e-03
   1.9789650e-02
   1.6703416e-02
   1.4612606e-02
   1.1183778e-02
   1.0005411e-02
   1.0407458e-02
   9.3832619e-03
   1.2437130e-02
   9.4032642e-03
   1.2548277e-02
   1.3604010e-02
   1.2493443e-02
   1.3503450e-02
   1.2229320e-02
   1.3445727e-02
   1.2504801e-02
   1.1757026e-02
   1.1186223e-02
   1.2071748e-02
   1.2244038e-02
   1.0541276e-02
   1.1702936e-02
   6.4819482e-03
   8.9947317e-03
   1.1981329e-02
   7.9590688e-03
   1.7215944e-03
   1.6703416e-02
   1.3685280e-02
   2.5046542e-03
   1.4084925e-02
   9.1107950e-03
   1.1124372e-02
   1.0298874e-02
   1.1370779e-02
   2.5046542e-03
   1.0012685e-02
   1.0683176e-02
   1.3032595e-02
   9.9548615e-03
   4.8491482e-03
   8.9175933e-03
   9.2085175e-03
   1.1685523e-02
   1.1352578e-02
   1.7776311e-04
   1.0283268e-02
   1.5906370e-02
   1.2715313e-02
   1.0445336e-02
   7.1939408e-03
   3.8233314e-04
   6.1373396e-03
   9.6214711e-03
   1.0048341e-02
   9.1171892e-03
   1.1976346e-02
   1.2332316e-02
   1.3099062e-02
   1.3281992e-02
   1.4453162e-02
   1.1732175e-02
   1.1536493e-02
   1.0436303e-02
   3.1999204e-04
   1.1663904e-02
   1.4143820e-02
   1.3163906e-02
   1.1698657e-02
   1.2922581e-02
   1.3613929e-02
   9.0549967e-03
   1.4793720e-02
   1.0954565e-02
   1.5535120e-02
   1.4965019e-02
   1.4454075e-02
   1.1534985e-02
   1.2416482e-02
   1.1739153e-02
   1.1956741e-02
   6.0738820e-03
   1.1766643e-02
   1.2842020e-02
   1.3420863e-02
   1.2830004e-02
   1.3462211e-02
   1.2130799e-02
   2.3200267e-02
   1.2100518e-02
   1.2155350e-02
   9.7973443e-03
   1.2108238e-02
   1.2215950e-02
   1.1857009e-02
   1.1425674e-02
   1.2183251e-02
   1.6703416e-02
   1.3278486e-02
   1.1243140e-02
   7.2070134e-03
   1.3217746e-02
   1.3764128e-02
   1.3120204e-02
   1.2850920e-02
   1.3395861e-02
   1.3027691e-02
   1.1181172e-02
   2.1624544e-03
   1.0688016e-02
   1.4165629e-02
   1.1063838e-02
   1.3420318e-02
   1.1077968e-02
   1.2922484e-02
   1.1580346e-02
   1.1947462e-02
   1.0580517e-02
   1.2541913e-02
   1.2732336e-02
   1.4325438e-02
   1.3140948e-02
   1.4930244e-02
   1.3133256e-02
   1.2456777e-02
   1.1881322e-02
   1.3481349e-02
   1.3157199e-02
   1.4812429e-02
   1.1968550e-02
   1.2207418e-02
   1.8203354e-02
   9.6041695e-03
   1.4380288e-02
   1.1311801e-02
   1.2277413e-02
   1.3005666e-02
   1.2708747e-02
   1.2837108e-02
   1.1982560e-02
   1.4030258e-02
   1.2024290e-02
   1.5930440e-02
   1.2136020e-02
   1.2577867e-02
   1.2867146e-02
   9.4625463e-03
   9.8070226e-03
   1.3184893e-02
   1.2358444e-02
   1.3072174e-02
   1.2339932e-02
   1.4859568e-02
   1.2772858e-02
   1.7522766e-02
   1.2777077e-02
   1.5503561e-02
   2.6335488e-02
   9.6163323e-03
   1.3278885e-02
   1.1661035e-02
   1.3569963e-02
   1.0561096e-02
   1.4869669e-02
   1.2339998e-02
   1.4846481e-02
   7.9038565e-03
   7.0162099e-03
   9.2393798e-03
   5.7232424e-04
   7.9705636e-03
   1.6703416e-02
   1.3241158e-02
   7.4112282e-03
   6.4175008e-03
   4.2266765e-03
   1.3079954e-02
   5.7232424e-04
   1.1312877e-03
   8.4953168e-03
   1.1312877e-03
   7.3768796e-03
   9.7254241e-03
   1.6052657e-02
   4.8328187e-03
   1.3628845e-02
   1.0112349e-02
   8.3526180e-03
   6.2249062e-03
   1.0525416e-02
   1.1530915e-02
   1.0975418e-02
   1.6703416e-02
   5.1503542e-03
   9.2913212e-03
   1.0510335e-02
   6.6196182e-03
   1.6703416e-02
   1.0899412e-02
   1.1537583e-02
   1.2953158e-02
   1.3299769e-02
   1.3856124e-02
   1.1470619e-02
   1.0647154e-02
   1.2062587e-02
   1.3278188e-02
   1.1244375e-02
   1.2336623e-02
   1.1112586e-02
   1.2367325e-02
   1.3765866e-02
   1.1741409e-02
   1.0850498e-02
   1.4091802e-02
   5.5160079e-03
   1.2684379e-02
   1.0359304e-02
   1.3210667e-02
   1.2798545e-02
   1.2776947e-02
   1.0833451e-02
   1.2717434e-02
   1.1853057e-02
   1.2540109e-02
   1.2141084e-02
   1.1588266e-02
   1.3646463e-02
   1.3102463e-02
   1.3264170e-02
   1.3089846e-02
   6.8436456e-03
   7.8545480e-03
   1.4113316e-02
   1.0077453e-02
   1.2257415e-02
   1.3768099e-02
   1.3439924e-02
   1.3270029e-02
   7.0805607e-03
   3.1702763e-03
   2.4058628e-03
   8.7958387e-03
   3.1702763e-03
   1.3222794e-02
   1.1613952e-02
   3.1702763e-03
   1.1950210e-02
   8.0808123e-03
   9.9273802e-03
   1.1445389e-02
   1.0299334e-02
   1.0594325e-02
   8.8479929e-04
   9.6429833e-04
   7.3555303e-03
   7.9006852e-03
   1.7215944e-03
   1.0003844e-02
   6.4848505e-03
   1.2142526e-02
   9.6429833e-04
   1.9759957e-03
   7.1919990e-03
   5.2884186e-03
   8.8479929e-04
   1.0572216e-02
   1.2740480e-02
   1.0020024e-02
   1.1448761e-02
   1.3142795e-02
   1.0647441e-02
   1.2968083e-02
   1.3060935e-02
   1.3083825e-02
   1.6703416e-02
   1.4120591e-02
   1.1488426e-02
   9.6771328e-03
   1.4335540e-02
   1.6703416e-02
   7.3959130e-03
   1.1990445e-02
   1.1185369e-02
   1.1360408e-02
   1.0906103e-02
   1.3862936e-02
   1.1338702e-02
   1.2204535e-02
   1.1757529e-02
   1.2742815e-02
   1.0702885e-02
   1.2252840e-02
   1.5273699e-02
   1.0163930e-02
   1.4464662e-02
   1.2524938e-02
   1.2725773e-02
   1.1982315e-02
   1.1002875e-02
   9.0691996e-03
   8.4919682e-03
   4.7421181e-05
   1.3020647e-02
   5.9365613e-03
   6.5766837e-03
   1.0396880e-02
   9.2399792e-05
   6.7042854e-03
   1.2141013e-02
   1.0425368e-02
   2.7169096e-02
   1.3819624e-02
   6.0843468e-03
   4.8355346e-03
   1.3023188e-02
   1.2818293e-02
   1.1587145e-02
   1.3859647e-02
   1.2366174e-02
   1.2404070e-02
   6.8436456e-03
   1.3538722e-02
   1.5346150e-02
   2.0947247e-02
   1.3090111e-02
   1.7210928e-02
   1.2740832e-02
   1.2014043e-02
   1.2428258e-02
   1.2096251e-02
   1.3051066e-02
   1.2946029e-02
   1.2173729e-02
   1.1459886e-02
   1.8858260e-02
   1.2835325e-02
   1.1423238e-02
   1.2674339e-02
   1.3220781e-02
   1.0799500e-02
   1.3958502e-02
   1.1380488e-02
   1.2919820e-02
   1.1871245e-02
   1.2098006e-02
   9.1611090e-03
   1.3549032e-02
   1.4362664e-02
   1.1379671e-02
   1.2541566e-02
   1.2577535e-02
   1.1614960e-02
   1.2568232e-02
   9.7576988e-03
   9.7671306e-03
   9.7162163e-03
   1.2432577e-02
   6.3106667e-03
   1.0285224e-02
   1.2747329e-02
   1.3002060e-02
   6.1373396e-03
   5.7713446e-03
   1.1199434e-02
   1.0585557e-02
   4.7421181e-05
   1.1993983e-02
   1.2752453e-02
   1.0824659e-02
   9.6054329e-03
   1.3001202e-02
   1.1747259e-02
   1.5253360e-02
   1.3740160e-02
   1.0548909e-02
   1.0793324e-02
   1.2421444e-02
   1.3307957e-02
   6.5384907e-03
   1.1776584e-02
   1.3127917e-02
   7.5792558e-05
   9.6429833e-04
   1.2436780e-02
   1.2302446e-02
   9.7435543e-03
   1.4655430e-02
   1.1556152e-02
   1.6735895e-02
   1.1992141e-02
   1.2683211e-02
   1.3421914e-02
   1.3844574e-02
   1.0467817e-02
   1.2611298e-02
   1.1584224e-02
   1.1604642e-02
   1.2091419e-02
   1.1419898e-02
   1.3123359e-02
   1.1755097e-02
   1.4260168e-02
   1.1777466e-02
   1.0180469e-02
   1.1502255e-02
   3.1227787e-03
   7.8600548e-03
   7.9265165e-03
   1.7215944e-03
   1.0844885e-03
   6.8735464e-03
   8.7070573e-03
   1.1818539e-02
   1.1306505e-02
   1.1259362e-02
   5.5221636e-03
   4.7421181e-05
   1.2180121e-02
   1.3078330e-02
   1.2453189e-02
   1.2982249e-02
   1.6255834e-02
   1.6703416e-02
   1.1343461e-02
   9.8584805e-03
   1.2245145e-02
   1.2431888e-02
   4.7421181e-05
   1.0915235e-02
   1.2722881e-02
   1.2148841e-02
   1.2300075e-02
   1.2985160e-02
   2.1807518e-02
   1.1638682e-02
   1.1034119e-02
   7.4982891e-03
   1.1186381e-02
   1.6703416e-02
   1.0431853e-02
   1.2745927e-02
   1.2657619e-02
   4.7421181e-05
   1.4620127e-02
   1.1456827e-02
   1.1463639e-02
   1.2456053e-02
   7.8497929e-03
   1.1387651e-02
   1.2257739e-02
   1.3097400e-02
   1.1401026e-02
   7.5792558e-05
   1.4541904e-02
   1.2782978e-02
   1.3354976e-02
   1.3751545e-02
   1.3525506e-02
   1.3125585e-02
   1.0716515e-02
   1.6879462e-01
   1.2946414e-02
   1.7648769e-02
   1.1608347e-02
   1.3125951e-02
   1.3660076e-02
   1.1733588e-02
   1.3259599e-02
   6.2448809e-03
   1.2663291e-02
   1.5308550e-02
   1.0805135e-02
   1.3719032e-02
   1.3588459e-02
   1.2619157e-02
   1.3949468e-02
   1.2840124e-02
   9.9272622e-03
   1.2153061e-02
   1.3633467e-02
   1.2386107e-02
   1.3052808e-02
   1.2658280e-02
   1.3136830e-02
   1.1464995e-02
   1.3102393e-02
   1.2071853e-02
   1.2716267e-02
   1.2674731e-02
   1.1565704e-02
   1.0801759e-02
   1.1166237e-02
   1.0998021e-02
   1.2009124e-02
   1.2416596e-02
   1.1105913e-02
   1.0960213e-09
   1.4372675e-02
   1.2809827e-02
   1.2007298e-02
   1.4254873e-02
   1.6419142e-02
   1.3691046e-02
   8.6062440e-03
   2.2611811e-02
   9.4856340e-03
   7.6398191e-03
   1.1164554e-02
   1.2577777e-02
   1.1494677e-02
   1.0769433e-02
   6.3287553e-03
   1.6703416e-02
   1.3508000e-02
   1.3191009e-02
   9.9071535e-03
   9.8471233e-03
   5.7232424e-04
   1.3653665e-02
   1.1686993e-02
   1.5168901e-02
   1.1623497e-02
   1.3457249e-02
   1.1362337e-02
   1.2048290e-02
   1.3125015e-02
   1.3163140e-02
   1.3181006e-02
   1.2684986e-02
   1.1864109e-02
   1.3378034e-02
   1.3315015e-02
   1.2077237e-02
   1.2664159e-02
   1.1721792e-02
   1.4427289e-02
   1.6854563e-02
   1.2956783e-02
   1.5046029e-02
   1.1376726e-02
   9.5186349e-03
   1.1142591e-02
   1.1353401e-02
   1.3110773e-02
   1.2941271e-02
   1.2884665e-02
   1.2535027e-02
   9.9172206e-03
   9.2399792e-05
   7.4433110e-03
   1.2590796e-02
   1.3362111e-02
   1.3936838e-02
   1.1754223e-02
   1.2886555e-02
   7.8872953e-03
   1.0502490e-02
   1.4454137e-02
   1.1185484e-02
   1.0189789e-02
   1.2023422e-02
   1.0027251e-02
   1.0021181e-02
   1.2703448e-02
   9.9153665e-03
   1.2532475e-02
   1.0055997e-03
   7.8874390e-03
   1.0333704e-02
   1.2593501e-02
   1.1854132e-02
   1.1298524e-02
   1.3427606e-02
   1.2684424e-02
   1.1397368e-02
   1.0518933e-02
   1.1667816e-02
   1.0390093e-02
   9.4975312e-03
   1.3101373e-02
   1.2985042e-02
   1.3840595e-02
   1.2219732e-02
   1.2774541e-02
   1.5953659e-02
   1.3893688e-02
   8.6464589e-03
   1.3148383e-02
   1.1247737e-02
   1.2260788e-02
   1.5474297e-02
   1.3368851e-02
   1.7063342e-02
   1.4388029e-02
   5.0855083e-03
   1.2865812e-02
   1.0483268e-02
   1.1817077e-02
   1.2676502e-02
   1.2087569e-02
   1.2132162e-02
   2.5046542e-03
   1.0659946e-02
   1.2016914e-02
   1.0762342e-02
   4.8355346e-03
   8.9305194e-03
   9.9262039e-03
   1.1834637e-02
   1.3363716e-02
   9.0904934e-03
   1.1781575e-02
   8.6404016e-03
   1.0682257e-02
   1.5149174e-02
   1.2033812e-02
   1.3223381e-02
   1.1971316e-02
   1.3851301e-02
   1.3524081e-02
   1.1749902e-02
   1.4911406e-02
   1.1768852e-02
   1.1960110e-02
   6.8116299e-03
   1.2267790e-02
   1.4393184e-02
   1.3883263e-02
   1.2637440e-02
   1.3269744e-02
   1.0744088e-02
   1.1685046e-02
   1.3452294e-02
   1.1373681e-02
   9.0192434e-03
   6.0738820e-03
   7.7372415e-03
   3.1818016e-03
   1.5266007e-02
   1.3061966e-02
   9.2399792e-05
   1.2546948e-02
   9.9356306e-03
   1.1185897e-02
   1.1840756e-02
   1.4547695e-02
   1.2315496e-02
   1.5984136e-02
   1.0502992e-02
   1.2236277e-02
   1.9428343e-02
   1.0255032e-02
   2.4058628e-03
   1.0802545e-02
   1.2508435e-02
   9.2399792e-05
   1.1371497e-02
   1.2293551e-02
   1.3192943e-02
   1.1784160e-02
   1.3454888e-02
   7.7260954e-03
   1.2474675e-02
   1.2605999e-02
   1.1456650e-02
   1.2899124e-02
   1.7898791e-02
   1.3446839e-02
   1.2395357e-02
   1.7648497e-02
   1.1287251e-02
   1.2175626e-02
   1.0027082e-02
   8.7453720e-03
   1.2462716e-02
   1.2404939e-02
   1.1795933e-02
   1.0056186e-02
   1.3189818e-02
   1.2298030e-02
   1.1382835e-02
   1.3847381e-03
   1.5253843e-02
   1.3847381e-03
   1.3847381e-03
   4.7622153e-03
   2.1823182e-03
   1.3578542e-02
   1.2009685e-02
   1.3120342e-02
   1.0425973e-02
   1.0356070e-02
   6.0561835e-03
   1.3739433e-02
   1.1754385e-02
   7.4991469e-03
   4.9049678e-03
   1.1805807e-02
   1.2032692e-02
   1.2567630e-02
   8.3785243e-03
   1.0813472e-02
   1.0161126e-02
   9.7004258e-03
   1.4755906e-02
   1.1843354e-02
   5.1809058e-03
   1.5792082e-02
   9.3984452e-03
   1.3156511e-02
   1.2643845e-02
   1.2962660e-02
   1.0180964e-02
   1.1328626e-02
   7.1685803e-03
   9.2399792e-05
   5.0123498e-03
   1.3638065e-02
   9.9358919e-03
   1.2707489e-02
   5.7232424e-04
   1.2989984e-02
   5.0123498e-03
   1.2446308e-02
   1.0599504e-02
   1.1719358e-02
   1.0847999e-02
   1.1857091e-02
   1.3382591e-02
   1.3200669e-02
   1.1587494e-02
   1.2696482e-02
   1.2349238e-02
   5.5885349e-03
   1.2100940e-02
   1.3122679e-02
   1.1024223e-02
   1.0153653e-02
   1.0856064e-02
   1.2691192e-02
   1.1686108e-02
   1.3081895e-02
   1.5233806e-02
   1.1081091e-02
   1.3799090e-02
   1.1794072e-02
   1.0781279e-02
   1.0296163e-02
   1.5223227e-02
   3.9123099e-03
   1.0671752e-02
   9.9749322e-03
   1.0187169e-02
   2.7205394e-03
   1.4027906e-02
   8.0378894e-03
   1.3160866e-02
   1.6703416e-02
   9.6287291e-03
   1.3434737e-02
   1.0529797e-02
   1.3076965e-02
   6.2495131e-03
   1.1851703e-02
   1.0002591e-02
   1.2877520e-02
   1.2473313e-02
   1.2974687e-02
   2.5971514e-03
   2.5971514e-03
   2.7205394e-03
   1.1277957e-02
   1.0583876e-02
   4.4938718e-03
   1.2517974e-02
   1.2267460e-02
   1.1304968e-02
   1.1365921e-02
   1.3240626e-02
   1.2479912e-02
   1.2905266e-02
   1.3809207e-02
   1.2994503e-02
   1.1689788e-02
   9.4521947e-03
   1.0959617e-02
   1.1463347e-02
   1.3804239e-02
   1.2137164e-02
   1.6703416e-02
   1.1344212e-02
   7.5792558e-05
   1.0376772e-02
   1.2471268e-02
   1.2580053e-02
   1.0362582e-02
   6.9575261e-03
   1.1656628e-02
   1.3838912e-02
   1.2308911e-02
   9.4233808e-03
   1.1038459e-02
   1.7042593e-02
   1.4499991e-02
   1.2092681e-02
   7.6693278e-03
   1.3995701e-02
   1.2001416e-02
   1.3298299e-02
   9.8267572e-03
   1.0802834e-02
   1.2768834e-02
   1.2329316e-02
   1.3444260e-02
   1.2482371e-02
   9.2623571e-03
   1.2679667e-02
   1.3947579e-02
   1.0652782e-02
   2.4556110e-03
   9.4100030e-03
   3.2829615e-03
   1.0297264e-02
   8.8271288e-03
   1.4171404e-02
   2.8914252e-05
   1.1312495e-02
   1.3186207e-02
   9.3751064e-03
   1.0693309e-02
   9.5630519e-03
   9.4389956e-03
   1.4374472e-02
   2.0157033e-05
   1.2798336e-02
   1.2559855e-02
   1.2922051e-02
   1.3781673e-02
   1.2991687e-02
   1.2777339e-02
   1.2284507e-02
   1.1493391e-02
   1.3744669e-02
   1.1456937e-02
   1.0773282e-02
   1.3050078e-02
   1.2805804e-02
   6.8436456e-03
   1.2803104e-02
   2.0411088e-02
   1.1915689e-02
   1.3605250e-02
   1.2732706e-02
   1.1181187e-02
   1.1474830e-02
   1.3269346e-02
   1.1355411e-02
   1.2800004e-02
   1.2224447e-02
   1.6071977e-02
   1.2196447e-02
   1.1751902e-02
   1.4895499e-02
   1.2295033e-02
   1.0824228e-02
   1.2981350e-02
   1.2316027e-02
   1.3227257e-02
   1.0816323e-02
   1.2393471e-02
   1.2586614e-02
   1.2621621e-02
   1.5497781e-02
   1.3085726e-02
   1.3385166e-02
   1.1935286e-02
   1.2195906e-02
   1.2497953e-02
   1.2776726e-02
   1.1791080e-02
   9.8831606e-03
   1.2195717e-02
   1.2161490e-02
   9.1561284e-03
   1.3042171e-02
   8.6204671e-03
   1.1331065e-02
   1.1653200e-02
   1.1403357e-02
   1.0960213e-09
   6.9174266e-03
   1.3795372e-02
   1.0945405e-02
   7.3535356e-03
   1.0814314e-02
   1.3189946e-02
   1.0760323e-02
   1.1251798e-02
   1.0712928e-02
   1.4109400e-02
   1.1059869e-02
   1.1525019e-02
   1.3110358e-02
   1.2534387e-02
   1.2232795e-02
   1.4678125e-02
   1.2486085e-02
   1.2742926e-02
   7.8777232e-03
   1.0897216e-02
   1.2977737e-02
   1.3672332e-02
   1.3387567e-02
   1.1679205e-02
   1.2068578e-02
   1.3563564e-02
   1.0202573e-02
   1.2575341e-02
   1.2765610e-02
   1.0983537e-02
   1.1752981e-02
   1.2583573e-02
   1.2843941e-02
   1.2127617e-02
   1.6147419e-02
   5.6906021e-03
   1.0762148e-02
   1.4745081e-02
   1.3978248e-02
   1.3322982e-02
   8.8504544e-03
   1.1837669e-02
   9.4109305e-03
   1.5245482e-02
   8.5065045e-03
   3.1999204e-04
   5.7232424e-04
   1.1689820e-02
   1.6703416e-02
   1.0556611e-02
   6.0088113e-03
   1.3113640e-02
   3.4574349e-02
   1.2021163e-02
   1.1490867e-02
   1.1112252e-02
   9.8045352e-03
   1.1380050e-02
   1.4360527e-02
   1.3029582e-02
   1.1840410e-02
   1.2610280e-02
   1.3063469e-02
   1.1413809e-02
   1.2571196e-02
   1.2614004e-02
   1.2614858e-02
   1.1696945e-02
   1.2855223e-02
   1.2171104e-02
   1.1626307e-02
   1.2390428e-02
   9.3417143e-03
   1.1659485e-02
   1.0568264e-02
   1.3389956e-02
   1.1146252e-02
   1.0241573e-02
   1.7215944e-03
   9.8692716e-03
   1.7215944e-03
   9.4662703e-03
   1.1032933e-02
   1.0730279e-02
   1.2440977e-02
   1.1695938e-02
   8.6797804e-03
   9.5251046e-03
   1.1271294e-02
   1.0931049e-02
   9.6429833e-04
   1.2913554e-02
   1.7401734e-02
   5.7683267e-03
   1.1155287e-02
   1.3115765e-02
   1.1598484e-02
   1.2034988e-02
   1.1169633e-02
   1.2474025e-02
   1.0548357e-02
   1.1519629e-02
   1.2354580e-02
   1.2521217e-02
   1.2573985e-02
   1.1773824e-02
   1.1402191e-02
   1.2256309e-02
   1.1531974e-02
   1.3725839e-02
   1.1610172e-02
   1.3009086e-02
   9.6290588e-03
   1.1377926e-02
   1.2626013e-02
   8.7785033e-03
   1.2556025e-02
   1.2446321e-02
   1.0636964e-02
   1.0832932e-02
   1.4420568e-02
   1.4615069e-02
   1.3135916e-02
   1.3712692e-02
   1.1943254e-02
   2.5183409e-02
   1.1151264e-02
   7.7422908e-03
   9.2702663e-03
   1.0291873e-02
   1.1906781e-02
   9.6429833e-04
   1.9759957e-03
   9.9760476e-03
   1.2974323e-02
   1.7215944e-03
   8.7226429e-03
   9.8390745e-03
   9.7159710e-03
   9.6429833e-04
   1.5822376e-02
   1.1600505e-02
   1.2550111e-02
   8.4313383e-03
   1.1863528e-02
   1.8873898e-03
   6.3389905e-03
   9.6429833e-04
   1.3378765e-02
   1.1520590e-02
   1.2253796e-02
   1.3883989e-02
   1.4447315e-02
   1.2028869e-02
   1.0896640e-02
   1.3433679e-02
   1.2789960e-02
   1.1081791e-02
   1.3535109e-02
   1.3668315e-02
   1.3128921e-02
   1.2770789e-02
   1.1696475e-02
   1.4041418e-02
   1.1521341e-02
   1.3198002e-02
   1.3682949e-02
   1.1972403e-02
   1.2774945e-02
   1.2211857e-02
   1.2102598e-02
   1.2278856e-02
   9.7083851e-03
   1.1264382e-02
   1.3975533e-02
   1.2284251e-02
   5.2119623e-02
   1.0545592e-02
   1.2732809e-02
   1.2440025e-02
   6.8688620e-03
   1.4598939e-02
   5.7232424e-04
   9.6514156e-03
   1.3051183e-02
   1.2129338e-02
   1.3225862e-02
   9.8541545e-03
   1.0329681e-02
   9.2399792e-05
   1.2848869e-02
   1.6336306e-02
   1.2111269e-02
   1.2173409e-02
   1.3057211e-02
   1.9833381e-03
   6.6207058e-03
   1.1468925e-02
   1.1436450e-02
   1.1026011e-02
   5.1809058e-03
   1.2044722e-02
   1.2622553e-02
   2.5971514e-03
   1.4506176e-02
   1.2277239e-02
   1.2643439e-02
   1.1668381e-02
   1.8993034e-02
   1.1378511e-02
   1.4006615e-02
   1.3217755e-02
   1.3314985e-02
   1.1687096e-02
   1.1736612e-02
   1.1836684e-02
   1.2617206e-02
   1.1036014e-02
   1.3336019e-02
   1.1521370e-02
   1.1004517e-02
   1.2770431e-02
   1.8463618e-02
   1.0998324e-02
   1.3005685e-02
   1.4556581e-02
   1.2463546e-02
   1.4059770e-02
   1.0597021e-02
   1.3028116e-02
   1.0611108e-02
   1.7777697e-02
   2.4058628e-03
   1.1453223e-02
   1.2322994e-02
   1.2649035e-02
   1.3223251e-02
   1.5288416e-02
   1.2857765e-02
   1.3934955e-02
   1.2892234e-02
   1.1774512e-02
   1.3375724e-02
   1.3427426e-02
   9.6871412e-03
   1.2018732e-02
   1.1263419e-02
   1.1552929e-02
   1.2179947e-02
   1.2415285e-02
   1.4264162e-02
   9.0414316e-03
   1.1765189e-02
   1.4056207e-02
   6.7284987e-03
   1.0999853e-02
   1.3084945e-02
   1.0378342e-02
   1.1963895e-02
   6.5855175e-03
   1.0300163e-02
   8.7214817e-03
   1.2912712e-02
   1.0124617e-02
   1.1850857e-02
   1.4040876e-02
   1.0268302e-02
   8.8584563e-03
   1.2753400e-02
   1.2202218e-02
   1.1615947e-02
   1.0854366e-02
   1.3095402e-02
   5.9970803e-03
   1.0844885e-03
   1.2684503e-02
   9.9814166e-03
   1.3498891e-02
   1.5991377e-02
   1.0874598e-02
   1.3366998e-02
   1.3011392e-02
   1.3004970e-02
   7.4808922e-03
   1.0966066e-02
   1.3083797e-02
   1.2263955e-02
   1.1961036e-02
   1.1035176e-02
   1.6579357e-02
   1.5363868e-02
   9.6329832e-03
   1.1789904e-02
   2.1624544e-03
   1.3381176e-02
   1.1041256e-02
   1.1485507e-02
   1.6358247e-03
   9.3089215e-03
   1.1221733e-02
   1.6358247e-03
   1.4151851e-02
   6.2023000e-03
   1.2514056e-02
   1.1902730e-02
   1.2251725e-02
   1.1465514e-02
   1.1694943e-02
   1.4435748e-02
   1.4023326e-02
   1.1909561e-02
   1.2934836e-02
   1.3148775e-02
   1.7570514e-02
   1.4859365e-02
   1.3558583e-02
   4.6594560e-03
   1.1881246e-02
   1.0547291e-02
   1.2899569e-02
   1.2349121e-02
   1.2628500e-02
   1.0722781e-02
   1.0755669e-02
   1.1425633e-02
   9.2701018e-03
   7.5792558e-05
   1.4982580e-02
   1.2750299e-02
   1.2342768e-02
   1.3009139e-02
   9.3571224e-03
   4.9964931e-03
   1.7215944e-03
   5.7232424e-04
   2.3016395e-02
   1.2560665e-02
   7.1514099e-03
   4.5115736e-03
   1.1232528e-02
   1.2458925e-02
   1.2359606e-02
   9.4351054e-03
   1.3849352e-02
   1.2440370e-02
   1.2103676e-02
   1.2600854e-02
   1.1227546e-02
   1.5971594e-02
   1.3487033e-02
   1.2093246e-02
   1.2994084e-02
   1.1756671e-02
   1.0379637e-02
   1.3657608e-02
   1.4039159e-02
   1.4783468e-02
   1.5228545e-02
   1.3490017e-02
   1.2167001e-02
   1.4116503e-02
   9.9610330e-03
   1.3415289e-02
   1.0362416e-02
   1.1779845e-02
   1.0231230e-02
   1.3424792e-02
   1.2582375e-02
   1.3844265e-02
   1.2800427e-02
   2.1437708e-02
   2.1408915e-04
   9.6429833e-04
   1.3417835e-02
   8.2383699e-03
   4.4682068e-03
   1.0574246e-02
   1.7215944e-03
   2.1408915e-04
   1.3155789e-02
   6.9129067e-03
   1.1655647e-02
   1.2675881e-02
   8.6373865e-03
   4.2266765e-03
   8.5188788e-03
   3.2829615e-03
   1.2795557e-02
   6.1892187e-03
   1.7380487e-02
   3.2829615e-03
   1.1167275e-02
   1.3091438e-02
   1.0579626e-02
   9.9181419e-03
   1.3152556e-02
   6.1373396e-03
   1.0466329e-02
   1.2188032e-02
   1.4613779e-02
   1.3279838e-02
   1.5240601e-02
   1.1413476e-02
   1.1465127e-02
   1.3224665e-02
   1.0564141e-02
   4.7011480e-03
   1.3982229e-02
   1.0584363e-02
   1.1125182e-02
   1.3357422e-02
   1.0098140e-02
   1.3054830e-02
   1.3074244e-02
   1.2775203e-02
   1.3060417e-02
   1.2147641e-02
   8.4075222e-03
   1.0584728e-02
   1.2552377e-02
   3.1818016e-03
   1.1035801e-02
   1.1804998e-02
   9.9998229e-03
   8.7140256e-03
   1.2944330e-02
   1.2404226e-02
   1.0737814e-02
   1.1221497e-02
   1.2899201e-02
   1.0408727e-02
   1.2051392e-02
   1.2420130e-02
   1.1790285e-02
   9.5847945e-03
   1.0198561e-02
   1.2135612e-02
   1.8132457e-02
   1.0010740e-02
   8.7418939e-03
   1.2972115e-02
   1.4676593e-02
   2.0057271e-02
   1.1334492e-02
   9.6113250e-03
   1.0086621e-02
   1.2479129e-02
   1.3215595e-02
   8.6404016e-03
   1.1918402e-02
   1.1377854e-02
   1.2339734e-02
   1.1246757e-02
   1.4009122e-02
   1.2435848e-02
   1.3053554e-02
   1.1369508e-02
   1.2108278e-02
   1.1187274e-02
   1.2627730e-02
   1.2430083e-02
   1.1652393e-02
   1.2887012e-02
   1.2741947e-02
   1.0532682e-02
   1.3543224e-02
   1.2829282e-02
   1.3580705e-02
   1.0892716e-02
   1.0033983e-02
   1.2731948e-02
   8.5174904e-03
   9.3052020e-03
   7.0491739e-03
   1.3133110e-02
   1.0346212e-02
   1.4513038e-02
   6.5471492e-03
   1.0459042e-02
   1.0345436e-02
   5.0343200e-03
   6.1687804e-03
   1.2689664e-02
   1.1545985e-02
   6.3578502e-03
   1.3378954e-02
   1.2998637e-02
   3.1818016e-03
   1.0745266e-02
   1.2826337e-02
   6.7192861e-03
   4.4938718e-03
   7.1483491e-03
   1.0515443e-02
   1.1423673e-02
   1.2938918e-02
   8.8394815e-03
   1.2005055e-02
   7.7979355e-03
   9.5817061e-03
   1.1203879e-02
   1.3380720e-02
   1.2839555e-02
   8.7597618e-03
   8.1338979e-03
   1.2713622e-02
   1.2940483e-02
   1.4406577e-02
   1.4986543e-02
   8.9878176e-03
   1.1916200e-02
   8.7968606e-03
   1.2634008e-02
   9.7313975e-03
   1.2386011e-02
   1.4275141e-02
   1.1672613e-02
   1.1522445e-02
   1.4706735e-02
   1.2170156e-02
   9.6429833e-04
   1.1956617e-02
   1.1042715e-02
   1.2834506e-02
   1.2646108e-02
   1.1871130e-02
   1.1186130e-02
   1.3789469e-02
   9.5251820e-03
   1.2447749e-02
   1.0559022e-02
   1.4595306e-02
   1.1340942e-02
   1.1635144e-02
   1.4480675e-02
   8.6893556e-03
   1.3024444e-02
   1.3339796e-02
   8.0433971e-03
   1.0949118e-02
   1.0443804e-02
   1.2291498e-02
   1.0260493e-02
   1.2740473e-02
   1.1708738e-02
   9.4370945e-03
   1.5213287e-02
   1.2272141e-02
   1.0988113e-02
   1.4029727e-02
   9.8672714e-03
   6.1873455e-03
   2.4433645e-03
   3.3533716e-03
   1.6703416e-02
   2.4433645e-03
   1.6703416e-02
   9.6429833e-04
   4.7105499e-03
   1.2161722e-02
   1.0145943e-02
   1.2649550e-02
   7.4269069e-03
   6.2495131e-03
   1.0088582e-02
   4.4021591e-03
   1.7130757e-02
   1.1754881e-02
   1.0140938e-02
   4.4021591e-03
   1.3211443e-02
   1.0586475e-02
   4.6248508e-03
   1.7336362e-03
   1.1544040e-02
   1.2385975e-02
   1.8873898e-03
   8.1175759e-03
   1.8873898e-03
   1.6574943e-03
   1.3847381e-03
   1.6495194e-02
   1.3436540e-02
   1.1138540e-02
   1.2657026e-02
   1.3155420e-02
   1.2673120e-02
   1.0579097e-02
   1.3390014e-02
   1.4685175e-02
   1.3338124e-02
   1.3122734e-02
   1.0725636e-02
   1.2252953e-02
   9.6347485e-03
   1.1633573e-02
   1.3670269e-02
   9.3061613e-03
   1.2907240e-02
   1.3120638e-02
   1.0851468e-02
   1.1057567e-02
   1.3367276e-02
   1.3260037e-02
   8.2004115e-03
   1.5742584e-02
   1.3217428e-02
   1.4241568e-02
   5.7232424e-04
   1.0279781e-02
   1.2584791e-02
   9.3615786e-03
   1.3810412e-02
   4.6214122e-03
   1.2073207e-02
   4.8765147e-03
   1.2321915e-02
   6.2470761e-03
   1.2191560e-02
   1.1196992e-02
   1.3088211e-02
   1.3066119e-02
   1.3909337e-02
   1.2883667e-02
   5.7232424e-04
   1.0938233e-02
   1.1558556e-02
   8.1530115e-03
   5.7232424e-04
   1.1483952e-02
   7.8639446e-03
   1.2383053e-02
   1.7831345e-02
   5.7232424e-04
   1.2780141e-02
   5.2781698e-03
   1.3867799e-02
   1.4367756e-02
   1.2659071e-02
   6.1381176e-03
   1.2291466e-02
   1.2990074e-02
   1.2559086e-02
   8.7616364e-03
   1.6096267e-02
   8.0542416e-03
   1.3946995e-02
   9.6794652e-03
   1.3815551e-02
   1.0364971e-02
   1.1832909e-02
   9.6429833e-04
   1.1817581e-02
   1.2061765e-02
   1.2693439e-02
   1.1542047e-02
   1.2442983e-02
   1.2058458e-02
   1.6353120e-02
   1.2495993e-02
   1.2831043e-02
   1.0872672e-02
   1.1977209e-02
   1.1546119e-02
   1.1075169e-02
   1.3082728e-02
   1.2696711e-02
   1.9467106e-02
   9.9664260e-03
   1.1196879e-02
   1.1666221e-02
   1.6890480e-02
   1.4301438e-02
   1.0393359e-02
   9.7431498e-03
   1.2724351e-02
   1.2252027e-02
   1.3187813e-02
   7.5934845e-03
   1.1268914e-02
   1.1416188e-02
   1.0985353e-02
   1.2524855e-02
   5.6329201e-03
   9.4195953e-03
   1.2402598e-02
   8.5733880e-03
   1.1044247e-02
   5.7232424e-04
   1.1786426e-02
   1.3680856e-02
   1.0485520e-02
   1.3143060e-02
   1.1116108e-02
   1.4634481e-02
   1.0815170e-02
   1.1792181e-02
   4.9623251e-03
   1.3223229e-02
   8.3089333e-03
   1.0866966e-02
   3.2829615e-03
   1.2266731e-02
   1.3652193e-02
   1.2759623e-02
   1.1701104e-02
   9.2941635e-03
   8.7421373e-03
   1.4131088e-02
   1.2305115e-02
   1.1508128e-02
   1.1595328e-02
   2.2274911e-03
   8.7917384e-03
   1.0185068e-02
   1.0972947e-02
   1.2844142e-02
   2.8030374e-06
   4.4938718e-03
   2.2274911e-03
   8.6949903e-03
   1.3668507e-02
   1.3183624e-02
   1.3159054e-02
   1.0213541e-02
   1.2972191e-02
   1.2551314e-02
   1.1934280e-02
   1.0619022e-02
   1.2585713e-02
   1.3947275e-02
   1.2789304e-02
   9.6890630e-03
   1.1646068e-02
   1.2798809e-02
   1.1955867e-02
   1.3390768e-02
   1.6703416e-02
   1.2581105e-02
   1.2214616e-02
   8.8865278e-03
   5.4314835e-03
   1.3232969e-02
   1.8856053e-02
   1.7699257e-10
   1.1339198e-02
   1.2950090e-02
   1.5030348e-02
   1.9258861e-02
   1.3322628e-02
   1.1294360e-02
   1.0613342e-02
   1.3130556e-02
   1.5644579e-02
   1.0875250e-02
   9.6429833e-04
   1.2960890e-02
   1.1861544e-02
   1.2751339e-02
   1.7133268e-02
   3.7979969e-03
   9.6429833e-04
   1.3200536e-02
   1.5329321e-02
   1.3444154e-02
   2.1852169e-02
   1.6450884e-02
   1.3227581e-02
   1.1481013e-02
   1.2504548e-02
   1.1108783e-02
   6.1687804e-03
   7.1496193e-03
   1.1480545e-02
   1.1421705e-02
   1.4635188e-02
   1.1874763e-02
   1.4638907e-02
   1.2843561e-02
   1.4658042e-02
   1.4786228e-02
   1.1027825e-02
   1.6703416e-02
   1.3397003e-02
   1.2443316e-02
   1.2226110e-02
   1.1888376e-02
   9.8008272e-03
   1.0301722e-02
   1.2851545e-02
   8.7021145e-03
   9.0170871e-08
   1.4096758e-02
   1.2113462e-02
   1.4586502e-02
   1.1249685e-02
   1.2771187e-05
   9.0170871e-08
   1.1967213e-02
   1.2421915e-02
   9.6547442e-03
   1.2771187e-05
   9.0170871e-08
   9.2038828e-03
   1.2575389e-02
   7.5392611e-03
   1.1060299e-02
   1.0081213e-02
   1.0902807e-02
   1.1873119e-02
   1.1339787e-02
   9.3095458e-03
   1.3091281e-02
   1.1691877e-02
   1.3186804e-02
   1.1862456e-02
   7.7291872e-03
   1.2859451e-02
   1.2229164e-02
   1.4878892e-02
   1.6703416e-02
   1.2722818e-02
   8.9745675e-03
   1.2506274e-02
   1.7353300e-02
   1.2955159e-02
   1.2987997e-02
   1.0387137e-02
   1.3025684e-02
   1.1731841e-02
   1.2538644e-02
   1.8702959e-02
   1.1031032e-02
   1.2571011e-02
   3.2115144e-03
   1.1350842e-02
   1.2453104e-02
   5.7232424e-04
   1.3176680e-02
   3.8648767e-03
   1.5818924e-02
   8.3164745e-03
   1.2838391e-02
   1.2176628e-02
   1.2583507e-02
   1.1625654e-02
   1.3835163e-02
   9.0049688e-03
   1.2303770e-02
   1.4387679e-02
   9.8630511e-03
   9.3133173e-03
   1.6703416e-02
   1.2226009e-02
   1.4500336e-02
   1.3730766e-02
   1.4072308e-02
   7.7711809e-03
   1.2406972e-02
   1.3620908e-02
   1.1935814e-02
   8.9620575e-03
   3.1626218e-03
   1.2204869e-02
   1.4392904e-02
   1.3084505e-02
   1.5183516e-02
   9.3867373e-03
   1.1836694e-02
   1.1514801e-02
   1.3177445e-02
   9.4272718e-03
   1.2251699e-02
   2.1853115e-04
   1.1921285e-02
   9.8187696e-03
   1.1795108e-02
   1.0972668e-02
   1.3410778e-02
   1.1078821e-02
   1.2776747e-02
   1.2952845e-02
   5.7232424e-04
   1.3044742e-02
   1.2200094e-02
   1.3050624e-02
   1.3362422e-02
   8.5002993e-03
   1.4975902e-02
   1.4010717e-02
   1.2264430e-02
   1.4482222e-02
   1.2084467e-02
   1.4760387e-02
   7.8065919e-03
   1.3774772e-02
   1.7985825e-02
   1.1542708e-02
   1.2451489e-02
   1.4571751e-02
   1.3645140e-02
   1.0653187e-02
   1.4609381e-02
   1.0553356e-02
   1.1678026e-02
   1.0692873e-02
   1.4486879e-02
   1.6367426e-02
   1.0518547e-02
   1.4311199e-02
   1.1869621e-02
   1.4568669e-02
   1.3495258e-02
   1.4274812e-02
   1.0484942e-02
   1.1808658e-02
   1.2917188e-02
   1.2238485e-02
   1.2879282e-02
   1.1293155e-02
   1.3924247e-02
   6.8375343e-03
   1.0962612e-02
   1.1261469e-02
   1.3083825e-02
   1.1805131e-02
   1.1764741e-02
   1.1195198e-02
   1.3046428e-02
   1.2303130e-02
   1.3214904e-02
   7.9807604e-03
   1.3136043e-02
   1.2500439e-02
   8.6373865e-03
   9.6878070e-03
   1.2453557e-02
   1.4760011e-02
   1.7053759e-02
   1.2953793e-02
   1.3410483e-02
   1.4065789e-02
   1.1916244e-02
   1.4162507e-02
   1.2632057e-02
   1.1933408e-02
   1.2404529e-02
   1.4068190e-02
   1.3034596e-02
   1.2565162e-02
   1.3741341e-02
   1.1561520e-02
   1.3262040e-02
   7.3753667e-03
   1.2065487e-02
   5.8745292e-03
   1.3399273e-02
   1.2972678e-02
   7.8959854e-06
   1.1215484e-02
   1.3096924e-02
   1.2388313e-02
   1.0118727e-02
   1.1827972e-02
   1.3297238e-02
   1.2547944e-02
   9.4018489e-03
   1.3223809e-02
   1.1004564e-02
   1.2785033e-02
   1.1994179e-02
   7.8959854e-06
   1.2079071e-02
   9.8441782e-03
   1.1829984e-02
   1.5280023e-02
   1.0645364e-02
   1.1202658e-02
   1.3511635e-02
   1.1294214e-02
   1.1162327e-02
   1.2661921e-02
   1.0921389e-02
   1.1796345e-02
   1.2292231e-02
   1.3548971e-02
   1.3913210e-02
   1.0862068e-02
   6.9160757e-03
   9.3356124e-03
   1.0335880e-02
   1.3384691e-02
   1.1707210e-02
   1.1558765e-02
   1.4534231e-02
   1.6589127e-04
   1.3375338e-02
   1.1325773e-02
   1.2025363e-02
   1.2732088e-02
   6.1373396e-03
   1.2615093e-02
   1.1306527e-02
   1.3986442e-02
   6.6784047e-03
   1.2789042e-02
   1.6589127e-04
   1.4602090e-03
   1.1357731e-02
   1.5335081e-02
   1.2024622e-02
   1.1567048e-02
   1.1446590e-02
   2.2268052e-02
   1.2856753e-02
   9.7797378e-03
   1.4553718e-02
   9.3245137e-03
   1.1535604e-02
   1.2625694e-02
   1.1394210e-02
   1.3054548e-02
   1.1990185e-02
   1.3164090e-02
   1.4123000e-02
   8.1955053e-03
   1.1391087e-02
   1.3705045e-02
   1.0846344e-02
   1.2013790e-02
   1.3059943e-02
   1.2539227e-02
   1.1853775e-02
   1.2018664e-02
   1.2485471e-02
   1.3156604e-02
   1.0096919e-02
   1.2304105e-02
   1.2711085e-02
   1.8000892e-02
   1.2959933e-02
   1.1909961e-02
   1.2794147e-02
   1.2913916e-02
   1.0355754e-02
   1.3294871e-02
   1.2795707e-02
   1.1715568e-02
   1.2434363e-02
   1.2867245e-02
   1.1797579e-02
   1.2766860e-02
   5.7232424e-04
   1.5555671e-02
   1.2527335e-02
   1.1796805e-02
   1.2327760e-02
   6.0738820e-03
   1.2820012e-02
   1.1346641e-02
   9.6318030e-03
   1.2765836e-02
   1.1070485e-02
   9.3750392e-03
   1.2602580e-02
   1.2223660e-02
   1.2951080e-02
   1.1562941e-02
   1.2138964e-02
   1.5352023e-02
   1.3117658e-02
   1.4602090e-03
   1.0052455e-02
   9.8875491e-03
   1.2111442e-02
   8.0900384e-03
   1.1918124e-02
   9.6719846e-03
   1.2341074e-02
   6.4002458e-03
   8.6307508e-03
   1.3347073e-02
   1.6703416e-02
   1.3153275e-02
   1.0397759e-02
   4.6679285e-03
   9.0004364e-03
   1.3268048e-02
   1.2717367e-02
   6.9002257e-04
   1.2367400e-02
   1.3881830e-02
   1.2019488e-02
   2.4556110e-03
   1.3192319e-02
   8.7903357e-03
   8.6292916e-03
   1.1482718e-02
   1.8050129e-02
   2.1853115e-04
   1.2666875e-02
   1.1315480e-02
   1.3083147e-02
   1.2069126e-02
   1.2951019e-02
   4.6370420e-04
   4.7985304e-03
   1.0051285e-02
   1.3895584e-02
   1.2040202e-02
   1.0727697e-02
   1.3089254e-02
   5.7232424e-04
   1.3731864e-02
   5.0855083e-03
   1.6703416e-02
   4.7011480e-03
   1.3337793e-02
   1.4602090e-03
   5.0178464e-03
   9.6157364e-03
   1.3216306e-02
   1.1608984e-02
   1.2211311e-02
   1.3124829e-02
   9.2588582e-03
   1.4551349e-02
   1.1202322e-02
   8.5504392e-03
   1.2024676e-02
   1.2346871e-02
   1.0474826e-02
   1.3096763e-02
   1.4055717e-02
   1.1941860e-02
   1.2132049e-02
   1.2510948e-02
   1.5138560e-02
   5.4971083e-03
   1.3631939e-02
   1.4788471e-02
   3.4331924e-03
   1.3153265e-02
   1.2219555e-02
   4.4938718e-03
   1.2880548e-02
   1.2969516e-02
   1.5516406e-02
   1.4209782e-02
   1.2090347e-02
   1.1744186e-02
   1.1293413e-02
   5.2135487e-03
   1.1656984e-02
   7.8701594e-03
   1.6703416e-02
   8.1724682e-05
   6.2553525e-03
   1.3208443e-02
   4.8565690e-09
   1.5850063e-02
   4.8565690e-09
   1.2777397e-02
   9.7436875e-05
   1.0894803e-02
   9.7436875e-05
   1.0003124e-02
   8.1724682e-05
   4.8565690e-09
   1.8873898e-03
   1.2630355e-02
   9.4614966e-03
   1.2208830e-02
   1.1783834e-02
   1.0406552e-02
   1.3163350e-02
   1.9833381e-03
   1.3504599e-02
   8.6917342e-03
   1.0407919e-02
   1.1681558e-02
   1.0540918e-02
   1.2105904e-02
   1.1849270e-02
   1.3911813e-02
   1.1550814e-02
   1.2899630e-02
   9.3738466e-03
   1.2780800e-02
   9.5718691e-03
   7.6942478e-03
   1.1291533e-02
   1.2125169e-02
   1.6783850e-02
   1.5230321e-02
   1.0707932e-02
   1.4879685e-02
   1.7672149e-02
   1.3885386e-02
   1.0676745e-02
   1.2563377e-02
   1.0323763e-02
   1.1764804e-02
   1.3555669e-02
   1.2022608e-02
   1.0532670e-02
   9.8695717e-03
   9.8563789e-03
   1.8362895e-02
   1.2353320e-02
   9.3827866e-03
   1.1185790e-02
   1.0550153e-02
   1.3865696e-02
   1.1758122e-02
   1.1709441e-02
   1.1309769e-02
   9.5925140e-03
   4.4933012e-04
   7.5593636e-03
   1.3438249e-02
   4.4933012e-04
   1.3461919e-02
   1.1787103e-02
   9.7870214e-03
   1.5055148e-02
   1.2147202e-02
   9.1141513e-06
   1.3198237e-02
   2.4058628e-03
   9.1141513e-06
   1.1031947e-02
   1.4102156e-02
   9.3482530e-03
   1.1253212e-02
   7.7774355e-03
   1.2799646e-02
   1.1876677e-02
   9.7260385e-03
   1.2985325e-02
   1.1252066e-02
   1.2512410e-02
   1.4470844e-02
   1.4891885e-02
   1.3068120e-02
   1.3257246e-02
   1.2537145e-02
   4.6511567e-03
   1.2315438e-02
   8.1041700e-03
   5.7232424e-04
   1.3330079e-02
   1.3035940e-02
   1.2491342e-02
   1.1170059e-02
   1.2739969e-02
   4.6511567e-03
   2.1624544e-03
   1.2381357e-02
   1.4339238e-02
   1.1528116e-02
   1.1748800e-02
   5.6860315e-03
   1.6974580e-02
   1.4777999e-02
   1.1488829e-02
   1.5764133e-02
   1.2852159e-02
   8.3475606e-03
   1.2310706e-02
   1.3167652e-02
   1.4358294e-02
   9.2459727e-03
   1.2329551e-02
   1.4104064e-02
   1.2208910e-02
   1.3861702e-02
   1.3684525e-02
   1.4147435e-02
   1.4743265e-02
   1.4285462e-02
   1.3169094e-02
   1.2537639e-02
   1.2794902e-02
   1.3018253e-02
   1.0876273e-02
   1.1281063e-02
   1.1846113e-02
   1.0014781e-02
   1.2722262e-02
   1.1637886e-02
   1.2611840e-02
   1.2175393e-02
   1.2384929e-02
   1.3575802e-02
   1.1975555e-02
   1.3106243e-02
   1.2172140e-02
   1.4361184e-02
   1.0947511e-02
   1.1226880e-02
   1.3942581e-02
   1.1185799e-02
   8.7306507e-03
   1.3177040e-02
   1.1406283e-02
   1.0809755e-02
   1.2664655e-02
   1.0431707e-02
   1.5438222e-02
   1.3823136e-02
   1.1165062e-02
   1.1481310e-02
   1.1862010e-02
   1.3516097e-02
   1.3482608e-02
   1.2702066e-02
   1.4562387e-02
   1.2905028e-02
   1.5253843e-02
   1.1862918e-02
   7.6578344e-03
   1.6703416e-02
   1.5043084e-02
   1.3643333e-02
   1.1640081e-02
   1.3541624e-02
   1.4165422e-02
   4.9196241e-03
   1.3720340e-02
   1.5515769e-02
   1.4282204e-02
   5.7232424e-04
   1.2463371e-02
   1.2032661e-02
   6.2815226e-03
   5.3035467e-03
   1.2395476e-02
   1.2330998e-02
   1.1975541e-02
   1.4009163e-02
   4.2266765e-03
   8.9986217e-03
   1.1385387e-02
   6.7691967e-03
   5.7232424e-04
   5.0243168e-03
   9.0225765e-03
   1.4539337e-02
   1.3177449e-02
   1.0054622e-02
   1.2085194e-02
   1.0919881e-02
   6.8548791e-03
   8.3241342e-03
   1.3088386e-02
   1.1392751e-02
   1.1810262e-02
   1.2711029e-02
   7.0875429e-03
   1.4052160e-02
   1.1508572e-02
   1.3446449e-02
   1.2057164e-02
   1.6703416e-02
   1.0119079e-02
   1.0691382e-02
   1.2299482e-02
   1.0428916e-02
   8.8679954e-03
   1.1502287e-02
   1.1902367e-02
   1.3217704e-02
   1.7167693e-02
   1.0947229e-02
   1.1803578e-02
   2.1823182e-03
   7.3063851e-03
   1.1546039e-02
   1.0379432e-02
   1.3083825e-02
   1.3413648e-02
   6.3187295e-03
   1.6703416e-02
   5.7232424e-04
   6.8688620e-03
   9.5803227e-03
   1.2303575e-02
   1.6703416e-02
   1.2129849e-02
   1.2529161e-02
   1.2375174e-02
   1.1333807e-02
   9.6253972e-03
   7.7149382e-03
   9.6281955e-03
   9.6804042e-03
   1.2460987e-02
   1.0500362e-02
   1.1829027e-02
   1.2843173e-02
   1.1583592e-02
   1.2055175e-02
   1.2390646e-02
   1.3714080e-02
   9.2230210e-03
   1.0443944e-02
   1.1449213e-02
   9.6136058e-03
   1.4613611e-02
   1.2550445e-02
   1.3094295e-03
   3.8514316e-03
   7.7962967e-03
   1.1131330e-02
   1.1476409e-02
   1.2791598e-02
   1.0355685e-02
   4.7736104e-04
   2.2605462e-04
   1.2388182e-02
   1.0223211e-02
   1.0881476e-02
   3.1818016e-03
   1.2535984e-02
   7.3431866e-03
   6.5855175e-03
   1.2065584e-02
   5.7713446e-03
   1.4699005e-02
   1.2403573e-02
   1.3814716e-02
   6.6389465e-03
   1.4105575e-02
   1.1407401e-02
   1.2832020e-02
   8.5896041e-03
   1.7189715e-02
   1.4223618e-02
   1.8873898e-03
   1.2240710e-02
   1.2887412e-02
   7.0645032e-03
   1.1318959e-02
   1.2589621e-02
   1.2358593e-02
   1.3512189e-02
   1.2939260e-02
   8.9632940e-03
   1.3130468e-02
   1.3505405e-02
   1.0889879e-02
   1.6374706e-02
   1.1871349e-02
   4.8355346e-03
   1.2114193e-02
   9.2884609e-03
   1.0851694e-02
   1.1878378e-02
   1.2128630e-02
   1.3232378e-02
   7.7788848e-03
   1.2911619e-02
   9.4894640e-03
   1.0928338e-02
   5.3065634e-03
   1.6703416e-02
   8.9245677e-03
   1.0540682e-02
   1.1163256e-02
   1.2850087e-02
   9.8016227e-03
   1.2972152e-02
   9.9779853e-03
   1.1858802e-02
   1.6574943e-03
   3.1818016e-03
   3.1818016e-03
   1.2655669e-02
   1.3032131e-02
   1.3071442e-02
   1.3133383e-02
   1.0834930e-02
   9.9641635e-03
   1.3117363e-02
   1.1768380e-02
   1.3689900e-02
   1.1432209e-02
   1.2820744e-02
   1.1429195e-02
   1.4957658e-02
   1.4242618e-02
   1.2161266e-02
   7.0802989e-03
   1.2966823e-02
   1.2199573e-02
   1.3236601e-02
   1.2824971e-02
   1.2995383e-02
   1.1488975e-02
   1.4918511e-02
   9.8705477e-03
   4.6739857e-03
   1.2794171e-02
   1.2003359e-02
   1.6703416e-02
   1.0374268e-02
   9.2741649e-03
   1.2254851e-02
   1.6703416e-02
   1.4060098e-02
   1.3493342e-02
   9.8254029e-03
   1.2872620e-02
   1.1044832e-02
   1.1787447e-02
   1.0938895e-02
   9.8036498e-03
   1.2057398e-02
   1.6154136e-02
   1.3671005e-02
   1.0250111e-02
   1.0993826e-02
   3.4643131e-03
   1.1573896e-02
   9.7030972e-03
   9.6259983e-03
   6.8216279e-03
   9.8193133e-03
   1.2946487e-02
   1.1769916e-02
   1.2710074e-02
   9.7786740e-03
   1.4019187e-02
   1.3156561e-02
   1.2811957e-02
   9.2350469e-03
   2.0144742e-02
   1.2844283e-02
   1.1371908e-02
   1.4122644e-02
   1.3221526e-02
   1.2460597e-02
   1.2900612e-02
   8.1307543e-03
   1.2822407e-02
   1.2899470e-02
   1.1284615e-02
   1.4481051e-02
   1.1898220e-02
   1.3082408e-02
   1.0330759e-02
   1.1715038e-02
   1.1809886e-02
   6.9918512e-03
   1.0414052e-02
   1.0002537e-02
   1.1895299e-02
   1.2683794e-02
   1.2316222e-02
   7.8701400e-03
   2.2600051e-02
   1.3162656e-02
   9.3163797e-03
   1.3181032e-02
   1.2345957e-02
   1.3577136e-02
   1.1377256e-02
   1.2247883e-02
   1.2321994e-02
   1.3197965e-02
   7.7270903e-03
   1.1644929e-02
   1.3130958e-02
   1.1474407e-02
   1.3221132e-02
   1.1819672e-02
   1.3655438e-02
   1.1272843e-02
   6.3504165e-03
   1.2839572e-02
   1.5020725e-02
   1.3872466e-02
   1.1704168e-02
   1.2141911e-02
   1.1303700e-02
   1.2458164e-02
   1.2943196e-02
   1.4553853e-02
   1.2741293e-02
   1.2617083e-02
   9.7821689e-03
   1.1939888e-02
   1.1682987e-02
   9.9018557e-04
   1.7213859e-02
   1.2515585e-02
   4.8355346e-03
   3.1818016e-03
   4.4337139e-03
   1.1639250e-02
   1.2468379e-02
   9.9018557e-04
   1.1204283e-02
   1.1322890e-02
   1.9422781e-02
   9.4993637e-03
   5.5554014e-03
   1.1051350e-02
   1.3515366e-02
   1.1555435e-02
   1.3238845e-02
   1.3574612e-02
   1.1889206e-02
   1.2875282e-02
   1.5023341e-02
   1.2345842e-02
   1.3522384e-02
   1.3470504e-02
   1.2774553e-02
   1.2504350e-02
   1.2638305e-02
   1.1116499e-02
   1.3117846e-02
   4.9964931e-03
   1.1536854e-02
   6.0779311e-03
   1.3437211e-02
   5.1099460e-03
   1.0948592e-02
   1.1494439e-02
   1.3923501e-02
   1.3333303e-02
   1.2407589e-02
   8.3775360e-03
   1.0109943e-02
   1.7132221e-02
   1.2991055e-02
   1.3583104e-02
   1.2832855e-02
   1.2598928e-02
   1.1115427e-02
   1.2729701e-02
   1.0397262e-02
   1.3299324e-02
   1.2070382e-02
   1.2188941e-02
   1.2652956e-02
   8.0100207e-03
   1.4871084e-02
   7.0427797e-03
   9.7222577e-03
   1.1731358e-02
   1.1590525e-02
   1.1662819e-02
   1.4375509e-02
   1.4796901e-02
   1.2505864e-02
   1.2467648e-02
   1.1876860e-02
   1.3931744e-02
   1.4133839e-02
   1.1991797e-02
   1.3213305e-02
   1.3422869e-02
   1.3283980e-02
   1.0908221e-02
   1.2230057e-02
   1.3217689e-02
   1.2949807e-02
   1.3276398e-02
   1.1495416e-02
   1.3288934e-02
   1.3216696e-02
   1.4789024e-02
   1.2985378e-02
   1.3023655e-02
   1.0631278e-02
   1.5271308e-02
   1.3866169e-02
   1.3078273e-02
   1.1888286e-02
   1.1422454e-02
   1.5067620e-02
   1.2443607e-02
   1.3447206e-02
   1.1488724e-02
   1.1254414e-02
   1.1160900e-02
   1.2249037e-02
   1.4296888e-02
   9.0751281e-03
   1.2571389e-02
   1.8890848e-02
   1.3882793e-02
   1.1350633e-02
   1.2506203e-02
   8.7337429e-03
   1.2590816e-02
   1.4635333e-02
   1.5222697e-02
   1.1797441e-02
   1.4520131e-02
   1.1783619e-02
   1.3010562e-02
   1.1379057e-02
   1.2862265e-02
   1.2620539e-02
   1.0646517e-02
   1.2843051e-02
   1.3429311e-02
   1.1540466e-02
   1.4657073e-02
   1.0715776e-02
   1.1695298e-02
   1.9119473e-02
   1.5073564e-02
   1.5860565e-02
   1.9908505e-02
   1.3494645e-02
   1.2212660e-02
   1.2360016e-02
   1.1464757e-02
   1.0008706e-02
   1.1089400e-02
   1.1156422e-02
   9.1128536e-03
   1.3640179e-02
   1.0997900e-02
   5.2278626e-03
   1.1693274e-02
   1.2712279e-02
   1.3776428e-02
   9.7167667e-03
   6.8215082e-03
   1.3572627e-02
   6.7589889e-03
   9.4100972e-03
   6.9288548e-03
   1.3234788e-02
   1.6703416e-02
   1.2076840e-02
   1.6703416e-02
   1.0513713e-02
   8.7112154e-03
   1.6574943e-03
   1.1914348e-02
   5.7232424e-04
   4.8215900e-03
   3.1626218e-03
   1.3882465e-02
   2.1823182e-03
   1.1600370e-02
   1.3847381e-03
   1.3019816e-02
   1.6703416e-02
   1.1577711e-02
   9.8499288e-03
   1.2983727e-02
   1.4717353e-02
   5.0282492e-03
   1.3067557e-02
   9.3782533e-03
   1.0665209e-02
   1.1536617e-02
   1.1219703e-02
   9.8876529e-03
   1.2498124e-02
   1.0073136e-02
   9.8789278e-03
   1.0069153e-02
   3.2115144e-03
   1.2432449e-02
   1.1191532e-02
   1.0697184e-02
   1.0965150e-02
   1.2649997e-02
   7.1211313e-03
   1.1336701e-02
   1.3530719e-02
   1.1645324e-02
   1.0286702e-02
   8.4190743e-03
   8.9481206e-03
   5.4696634e-03
   7.5075383e-03
   1.3206538e-02
   4.7622153e-03
   7.9259875e-03
   9.6429833e-04
   5.7232424e-04
   8.8539767e-03
   6.5384907e-03
   7.4203929e-03
   1.3393381e-02
   7.2700226e-03
   1.6703416e-02
   7.6704641e-03
   1.4086437e-02
   1.1874991e-02
   1.2612064e-02
   1.0844885e-03
   5.7232424e-04
   9.1117246e-03
   1.0926771e-02
   1.0844885e-03
   1.1504144e-02
   6.2402102e-03
   1.2956519e-02
   1.3301484e-02
   1.2627539e-02
   4.9935508e-03
   1.2441167e-02
   4.8039609e-03
   1.3332709e-02
   4.8039609e-03
   2.8030374e-06
   8.3683792e-03
   1.7090511e-02
   1.4124040e-02
   2.8030374e-06
   1.3052541e-02
   1.2303891e-02
   1.2404027e-02
   1.2214341e-02
   1.2346712e-02
   1.0102038e-02
   1.1731092e-02
   1.2433024e-02
   7.7528574e-03
   7.1701709e-03
   1.0374481e-02
   1.1704417e-02
   1.3563783e-02
   1.1774540e-02
   1.3781513e-02
   1.2767548e-02
   1.1241332e-02
   1.1943360e-02
   6.5814383e-03
   1.6703416e-02
   1.1551394e-02
   1.1916751e-02
   1.1173277e-02
   9.7129484e-03
   1.1331672e-02
   6.7833678e-03
   9.6429833e-04
   3.4643131e-03
   1.9833381e-03
   5.5314808e-03
   1.5572024e-02
   6.6053113e-03
   5.0256791e-03
   9.6383951e-03
   1.1676053e-02
   1.3469305e-02
   1.1219946e-02
   1.0424568e-02
   1.2193381e-02
   1.1361224e-02
   1.0154684e-02
   1.4906902e-02
   1.2111421e-02
   1.2972876e-02
   1.1670353e-02
   1.4249227e-02
   9.6134469e-03
   1.2432392e-02
   1.4373296e-02
   1.2859736e-02
   1.1993709e-02
   1.7699257e-10
   1.2019711e-02
   1.3962126e-02
   1.1767446e-02
   1.3453343e-02
   1.0385648e-02
   1.3081932e-02
   1.1828298e-02
   1.1495856e-02
   1.1720618e-02
   1.2833843e-02
   1.3143470e-02
   1.1540610e-02
   5.9078892e-03
   1.0511405e-02
   2.3866909e+00
   7.3481532e-03
   1.3301341e-02
   1.1454478e-02
   9.3806831e-03
   1.3110392e-02
   1.2788831e-02
   3.6787899e-02
   1.3116690e-02
   8.4190743e-03
   1.9967584e-02
   1.3234682e-02
   1.7699257e-10
   1.2294999e-02
   1.3589522e-02
   1.2545408e-02
   8.7214817e-03
   1.2313274e-02
   2.0682290e-02
   1.3475433e-02
   1.1254477e-02
   1.3835286e-02
   1.2686097e-02
   1.2492895e-02
   1.2576600e-02
   1.1769322e-02
   1.6352483e-02
   1.3673584e-02
   1.2805605e-02
   6.6389465e-03
   1.0823395e-02
   1.6701214e-02
   1.0257826e-02
   1.4034659e-02
   1.2315046e-02
   1.0983977e-02
   1.0414708e-02
   1.0962019e-02
   9.2286800e-03
   1.2512384e-02
   1.1144141e-02
   1.0844885e-03
   1.4706328e-02
   2.1823182e-03
   4.8215900e-03
   9.5133248e-03
   1.1019503e-02
   1.1757985e-02
   1.2511780e-02
   1.3387477e-02
   1.3440542e-02
   1.2296969e-02
   1.1302266e-02
   1.3955708e-02
   1.2630360e-02
   1.1597931e-02
   2.7274767e-02
   1.2403211e-02
   1.3391504e-02
   6.4819482e-03
   1.4598452e-02
   1.5182538e-02
   1.5054869e-02
   1.2726450e-02
   1.6351525e-02
   1.2894571e-02
   1.3206709e-02
   1.2343748e-02
   1.1825062e-02
   1.2952216e-02
   1.2348344e-02
   1.2700021e-02
   1.1555654e-02
   9.5563160e-03
   8.4035651e-03
   1.5228535e-02
   1.2909535e-02
   8.8177211e-03
   9.4527169e-03
   1.2543877e-02
   9.4869060e-03
   1.3986594e-02
   1.0758871e-02
   1.1616611e-02
   1.0993477e-02
   1.1114913e-02
   9.5714465e-03
   1.1786142e-02
   5.0583778e-03
   1.0008461e-02
   8.0951943e-03
   1.2598180e-02
   1.7336362e-03
   5.7232424e-04
   9.7766961e-03
   1.3447516e-02
   1.3018669e-02
   5.0331259e-03
   1.8873898e-03
   1.8873898e-03
   1.3046331e-02
   1.1341841e-02
   1.2814090e-02
   9.3936074e-03
   5.8521281e-03
   1.3520176e-02
   1.3026707e-02
   2.5971514e-03
   4.8765147e-03
   5.7232424e-04
   1.3080093e-02
   6.1373396e-03
   1.3267818e-02
   1.2381232e-02
   4.6369195e-03
   1.1357057e-02
   1.3882983e-02
   1.3960349e-02
   1.0921808e-02
   1.1598519e-02
   1.1796736e-02
   1.3491544e-02
   1.5103159e-02
   1.3140994e-02
   1.1414311e-02
   1.2403388e-02
   1.2834035e-02
   1.1645915e-02
   1.3791646e-02
   1.3079956e-02
   1.2871420e-02
   1.2725495e-02
   1.3288806e-02
   1.2001146e-02
   1.2147697e-11
   1.2852732e-02
   1.5194866e-02
   1.6703416e-02
   1.1624206e-02
   1.1893689e-02
   1.1110328e-02
   1.1448122e-02
   8.9511562e-06
   9.1175882e-03
   1.1377516e-02
   1.1576443e-02
   1.1057717e-02
   8.3349931e-03
   1.3623722e-02
   1.4561491e-02
   1.3176800e-02
   1.0569458e-02
   1.2497442e-02
   1.2328620e-02
   1.2379463e-02
   1.1043145e-02
   1.3131909e-02
   1.6703416e-02
   1.2387067e-02
   9.9238425e-03
   1.1753848e-02
   1.2224341e-02
   1.3613961e-02
   8.8510604e-03
   1.2317416e-02
   1.9684438e-02
   8.9511562e-06
   1.2898766e-02
   1.2903711e-02
   2.3585878e-03
   1.3406615e-02
   1.1481413e-02
   1.6879462e-01
   9.9816361e-03
   1.1509071e-02
   9.3532570e-03
   1.3103843e-02
   9.5587173e-03
   1.0493610e-02
   1.0534535e-02
   7.3544099e-03
   1.1049081e-02
   1.0444594e-02
   1.3274974e-02
   8.5892695e-03
   8.0647347e-03
   7.7460317e-03
   1.3852130e-02
   1.3579255e-02
   1.2570470e-02
   1.3169159e-02
   8.9511562e-06
   1.3847292e-02
   1.2356437e-02
   1.1213579e-02
   1.1386187e-02
   9.1885887e-03
   1.3274812e-02
   7.0044719e-03
   1.0917206e-02
   9.2884609e-03
   1.1712909e-02
   7.7389415e-03
   1.1751985e-02
   1.3302926e-02
   9.4444058e-03
   1.2391587e-02
   1.3564506e-02
   1.0526407e-02
   1.3992762e-02
   1.3624465e-02
   1.1663391e-02
   1.4505741e-02
   1.2121399e-02
   1.2988922e-02
   1.1433513e-02
   1.5995887e-02
   8.1773420e-03
   1.8079910e-02
   1.4753058e-02
   1.2210258e-02
   1.2199508e-02
   1.0573972e-02
   1.3305174e-02
   1.3068743e-02
   1.2849002e-02
   1.3219182e-02
   9.7246867e-03
   1.2861519e-02
   8.7073983e-03
   8.4213788e-03
   2.1866601e-05
   6.0738820e-03
   9.9463115e-03
   2.1866601e-05
   8.7441413e-03
   1.2209625e-02
   1.2419646e-02
   1.0929779e-02
   1.1551513e-02
   1.1067504e-02
   1.4308365e-02
   1.1873755e-02
   1.4095672e-02
   1.2564492e-02
   1.2086586e-02
   1.2194621e-02
   1.2664267e-02
   1.2056474e-02
   1.1179969e-02
   1.2967662e-02
   1.1263202e-02
   1.5396168e-02
   1.2157224e-02
   1.1200167e-02
   1.3536592e-02
   5.7917910e-03
   2.2468310e-03
   1.3094295e-03
   3.8727122e-03
   1.2699554e-02
   9.6429833e-04
   3.7568828e-05
   1.0285224e-02
   5.5352225e-03
   1.3094295e-03
   3.7568828e-05
   1.2802959e-02
   5.7950166e-03
   8.3212074e-03
   1.2378200e-02
   7.8730015e-03
   6.2929948e-03
   1.0921481e-02
   1.3021398e-02
   1.2412051e-02
   9.0216869e-03
   1.2069427e-02
   1.0134954e-05
   1.1936541e-02
   1.3850461e-02
   1.0134954e-05
   9.2290018e-03
   1.2696682e-02
   1.3734297e-02
   1.2413702e-02
   1.0134954e-05
   1.1940707e-02
   1.1802404e-02
   1.2939744e-02
   1.1047450e-02
   1.2444042e-02
   9.5335501e-03
   1.4128485e-02
   1.1542087e-02
   5.7232424e-04
   3.3533716e-03
   9.7495477e-03
   1.0922835e-02
   1.5567605e-02
   1.6703416e-02
   1.2882362e-02
   1.2461814e-02
   9.7404562e-03
   6.9588129e-03
   1.2902508e-02
   1.2528204e-02
   1.3008687e-02
   1.3061797e-02
   1.2026615e-02
   1.5434066e-02
   1.0533893e-02
   1.1588555e-02
   1.3054988e-02
   1.2526855e-02
   1.2357297e-02
   1.3785292e-02
   1.2398164e-02
   9.3737189e-10
   1.2893650e-02
   1.2589078e-02
   1.4484186e-02
   1.3210791e-02
   1.1832578e-02
   6.3720504e-03
   1.1528417e-02
   1.8873898e-03
   1.4569924e-02
   1.6879462e-01
   9.4607048e-03
   6.8435634e-03
   1.3090391e-02
   2.5286544e-03
   2.5286544e-03
   1.3083192e-02
   1.1694889e-02
   1.6413922e-02
   1.2224510e-02
   1.3918720e-02
   1.6176257e-02
   1.4951158e-02
   6.2495131e-03
   1.3059563e-02
   1.2081711e-02
   1.1677364e-02
   1.1774872e-02
   8.7418939e-03
   8.9909127e-03
   9.8181433e-03
   1.1478093e-02
   1.3106095e-02
   1.4185443e-02
   1.0587349e-02
   1.3202895e-02
   3.2723594e-11
   1.2630836e-02
   1.2914135e-02
   9.3737189e-10
   1.5284235e-02
   1.2842724e-02
   8.9486032e-03
   1.2399303e-02
   1.2420947e-02
   1.0880143e-02
   1.3147459e-02
   4.7549130e-03
   1.3205353e-02
   1.2149746e-02
   1.6703416e-02
   1.1366569e-02
   1.1360904e-02
   6.6389465e-03
   1.3303671e-02
   1.3054993e-02
   1.1979641e-02
   8.0356932e-03
   1.1255416e-02
   1.4111847e-02
   1.2241350e-02
   1.3178938e-02
   1.2139069e-02
   1.1465747e-02
   1.0978713e-02
   1.5539457e-02
   1.0864042e-02
   1.1349863e-02
   1.1085963e-02
   1.3118972e-02
   1.0901911e-02
   1.3297932e-02
   7.8950113e-03
   1.2454746e-02
   1.1223886e-02
   1.0613249e-02
   1.4029806e-02
   1.1263119e-02
   9.3810478e-03
   1.3150307e-02
   7.2261580e-03
   1.1049935e-02
   1.2382230e-02
   1.4132631e-02
   1.0644623e-02
   1.1034683e-02
   1.3203838e-02
   1.2522545e-02
   1.3964690e-02
   1.0938187e-02
   1.2727932e-02
   8.9042268e-03
   1.3260583e-02
   1.5646587e-02
   5.7232424e-04
   1.2362206e-02
   1.2678319e-02
   9.9919625e-03
   1.2052320e-02
   1.1799898e-02
   1.6428565e-02
   1.1235227e-02
   1.5013581e-02
   1.0308143e-02
   1.3826213e-02
   1.3032694e-02
   1.2580388e-02
   7.3648195e-03
   1.6661224e-02
   9.5942671e-03
   1.3243406e-02
   2.1624544e-03
   1.2192008e-02
   1.1650100e-02
   1.3325279e-02
   1.2237905e-02
   1.2828475e-02
   1.1795586e-02
   1.3204701e-02
   1.4355810e-02
   1.4824258e-02
   1.0983377e-02
   2.5103313e-04
   8.5002993e-03
   1.3155200e-02
   1.2643678e-02
   1.5444314e-02
   3.4144683e-04
   9.4454166e-03
   1.7215944e-03
   7.0802989e-03
   1.1916309e-02
   1.1826783e-02
   2.0120553e-02
   1.1979490e-02
   1.2778276e-02
   1.1015595e-02
   4.9623251e-03
   1.3352409e-02
   1.2333544e-02
   1.2561318e-02
   1.2185112e-02
   1.1895293e-02
   6.0738820e-03
   1.2596952e-02
   1.0732935e-02
   1.2887475e-02
   1.1137042e-02
   1.3694355e-02
   1.2021461e-02
   8.0871331e-03
   1.4237861e-02
   1.1271184e-02
   1.3180202e-02
   8.8535661e-03
   1.1611463e-02
   1.3119566e-02
   1.3147720e-02
   9.8940950e-03
   1.0441605e-02
   1.2066589e-02
   1.3065790e-02
   1.1424623e-02
   1.0703353e-02
   1.2199767e-02
   1.3367253e-02
   5.0137500e-03
   1.2201686e-02
   1.2991050e-02
   1.1148095e-02
   1.3145583e-02
   1.2147697e-11
   1.1592034e-02
   1.0286117e-02
   1.2288318e-02
   1.3206349e-02
   8.0723522e-03
   1.1502661e-02
   1.2948130e-02
   1.4952812e-02
   1.7131064e-02
   1.2049038e-02
   1.2083732e-02
   1.0625332e-02
   1.0632577e-02
   2.0260161e-02
   9.3098961e-03
   2.1336431e-02
   1.2592566e-02
   1.2026132e-02
   1.1278745e-02
   1.2280382e-02
   1.3278693e-02
   1.1909719e-02
   9.7553559e-03
   1.0264240e-02
   1.3133937e-02
   1.2654962e-02
   1.2978558e-02
   1.4694627e-02
   1.3347836e-02
   1.1663323e-02
   1.2720764e-02
   7.2839368e-03
   1.7611195e-02
   1.1493299e-02
   1.1663515e-02
   1.2123276e-02
   1.3086402e-02
   1.6018985e-02
   1.4440636e-02
   1.4218892e-02
   1.4012744e-02
   1.3279652e-02
   1.3643277e-02
   1.2238835e-02
   1.2562304e-02
   1.3097912e-02
   1.2068211e-02
   1.2351000e-02
   1.0890604e-02
   1.0634406e-02
   9.2421796e-03
   7.4328970e-03
   2.6091813e-03
   1.5156507e-02
   1.2438876e-02
   1.1216601e-02
   1.1807772e-02
   1.0865070e-02
   1.1094126e-02
   1.2414931e-02
   1.0990092e-02
   1.2327151e-02
   1.1292385e-11
   1.2490691e-02
   1.1627968e-02
   3.1626218e-03
   1.0930157e-02
   1.5655712e-02
   2.0222104e-03
   1.2005632e-02
   1.2980794e-02
   1.0805665e-02
   2.0222104e-03
   1.1292385e-11
   1.2864002e-02
   1.2306663e-02
   1.4405607e-02
   1.3063994e-02
   1.5568468e-02
   1.3806068e-02
   1.2253941e-02
   1.0523558e-02
   1.1783841e-02
   1.5096173e-02
   3.1999204e-04
   8.8536181e-03
   1.1455583e-02
   4.2266765e-03
   1.2744647e-02
   1.1725241e-02
   4.4682068e-03
   1.2260171e-02
   1.1494052e-02
   1.7074416e-02
   1.1450819e-02
   1.2912162e-02
   1.1722773e-02
   1.1283757e-02
   1.1954994e-02
   1.3324164e-02
   1.2956205e-02
   1.2546425e-02
   1.2255923e-02
   1.2567366e-02
   1.0996362e-02
   1.1727195e-02
   1.1475398e-02
   1.1963804e-02
   1.0676796e-02
   8.9386944e-03
   1.0376379e-02
   1.1290263e-02
   1.1506011e-02
   1.4357418e-02
   1.2556269e-02
   1.2507675e-02
   1.2392755e-02
   1.4642150e-02
   1.0490791e-02
   1.2053170e-02
   1.2114666e-02
   1.1650222e-02
   1.1763592e-02
   1.0782356e-02
   1.1805452e-02
   6.6063141e-03
   1.2829406e-02
   1.4988452e-02
   1.0773726e-02
   5.1669813e-03
   1.7336362e-03
   5.7232424e-04
   1.1314672e-02
   1.0445158e-02
   6.9152915e-03
   7.5675292e-03
   1.1760760e-02
   1.6481605e-02
   2.4433645e-03
   5.7232424e-04
   6.1873455e-03
   1.3033761e-02
   1.1576984e-02
   1.2172714e-02
   1.1647917e-02
   1.2392304e-02
   1.3535444e-02
   1.5837763e-02
   1.4483388e-02
   1.3565529e-02
   1.2771088e-02
   1.3307146e-02
   1.2549730e-02
   1.2924166e-02
   1.4734118e-02
   1.3586660e-02
   1.1644561e-02
   1.3385144e-02
   4.0372591e-04
   1.0471740e-02
   4.0372591e-04
   1.3108064e-02
   1.2800437e-02
   1.1248378e-02
   4.0372591e-04
   6.1873455e-03
   1.2299335e-02
   6.4689612e-03
   1.1099682e-02
   4.0372591e-04
   1.1440788e-02
   1.2661080e-02
   1.2185606e-02
   1.9733587e-02
   1.3059953e-02
   8.4675341e-03
   2.4556110e-03
   1.6739079e-02
   1.2770575e-02
   1.4560403e-02
   1.5852248e-02
   1.2848559e-02
   1.3708484e-02
   1.2407870e-02
   1.2583158e-02
   1.5046266e-02
   1.1045818e-02
   1.4173401e-02
   6.0738820e-03
   1.2776217e-02
   1.3269369e-02
   1.2760214e-02
   1.1942497e-02
   1.2124233e-02
   1.0759584e-02
   1.1882141e-02
   1.2057118e-02
   2.3585878e-03
   1.3471785e-02
   1.0967887e-02
   8.9511562e-06
   1.2668304e-02
   9.4426372e-03
   9.3522723e-03
   1.2972926e-02
   1.3461568e-02
   1.0235926e-02
   1.2317231e-02
   1.3674004e-02
   7.7996008e-03
   1.3625428e-02
   9.7189727e-03
   5.7232424e-04
   9.9573920e-03
   5.6408597e-03
   8.3842491e-03
   1.2452455e-02
   5.7232424e-04
   7.5865719e-03
   9.7587240e-03
   1.6703416e-02
   1.2946457e-02
   5.5022679e-03
   5.6762380e-03
   4.9296332e-03
   1.0978422e-02
   1.3047486e-02
   9.0981533e-03
   7.6352583e-03
   5.0019484e-03
   1.2426137e-02
   1.3953002e-02
   6.1373396e-03
   1.3200532e-02
   8.0082502e-03
   1.1109957e-02
   1.9833381e-03
   1.3153774e-02
   1.1020654e-02
   1.3083796e-02
   1.3104725e-02
   7.0386092e-03
   1.2147697e-11
   1.6703416e-02
   1.3070973e-02
   2.5971514e-03
   1.2432711e-02
   1.2229871e-02
   1.1652382e-02
   1.1677850e-02
   1.2544046e-02
   1.1619860e-02
   1.3379184e-02
   1.6325370e-02
   1.3081637e-02
   1.2881802e-02
   1.3157966e-02
   1.1627432e-02
   1.1794021e-02
   1.3488328e-02
   4.7826812e-03
   1.2806045e-02
   1.2829601e-02
   9.9178986e-03
   1.2031040e-02
   1.0664536e-02
   9.0461340e-03
   1.2915591e-02
   1.3012720e-02
   1.0721615e-02
   1.4946575e-02
   1.6403996e-02
   1.1732476e-02
   1.3948760e-02
   1.0379970e-02
   1.3571581e-02
   1.3052802e-02
   1.3349875e-02
   3.2723594e-11
   1.3021939e-02
   1.5483567e-02
   1.2377969e-02
   1.1579809e-02
   1.1380076e-02
   1.2434229e-02
   8.6148476e-03
   1.3954016e-02
   4.6554458e-03
   1.3393141e-02
   1.3781333e-02
   1.2528008e-02
   1.0836115e-02
   4.7549130e-03
   1.2251659e-02
   9.9197540e-03
   1.2312322e-02
   1.1443032e-02
   1.0660625e-02
   1.0936413e-02
   1.0036730e-02
   1.3262990e-02
   1.3062782e-02
   1.0587756e-02
   1.2909537e-02
   1.1986793e-02
   1.1933519e-02
   1.4064914e-02
   1.1775072e-02
   1.4269285e-02
   1.5105995e-02
   1.3569814e-02
   1.3341375e-02
   1.4594265e-02
   1.2973199e-02
   5.7232424e-04
   1.4264400e-02
   9.8908996e-03
   1.1305944e-02
   1.2942369e-02
   9.2391761e-03
   1.6574943e-03
   1.4272708e-02
   1.2130473e-02
   1.2754965e-02
   1.4824792e-02
   5.6048753e-03
   9.4044009e-03
   4.6594560e-03
   5.7232424e-04
   1.2153476e-02
   3.1999204e-04
   8.7451137e-03
   1.1144668e-02
   7.5839239e-03
   1.1820264e-02
   1.0271273e-02
   1.6703416e-02
   1.2369193e-02
   1.2821175e-02
   2.3247031e-04
   1.4029196e-02
   1.3030848e-02
   1.3116897e-02
   1.2116754e-02
   1.0660073e-02
   1.1514668e-02
   2.3247031e-04
   1.1132126e-02
   1.3464654e-02
   1.2808394e-02
   1.2180972e-02
   1.3431426e-02
   1.1779762e-02
   1.3214174e-02
   1.1576324e-02
   1.0767876e-02
   1.1284521e-02
   7.4493480e-03
   1.1026662e-02
   1.4108991e-02
   1.2039686e-02
   1.1215705e-02
   1.1451121e-02
   1.0055849e-02
   1.1063868e-02
   1.1444608e-02
   1.1355000e-02
   9.3331552e-03
   1.2395241e-02
   1.8873898e-03
   2.4433645e-03
   1.2444130e-02
   9.6990057e-03
   1.6866220e-02
   1.0070401e-02
   1.0950227e-02
   1.2242702e-02
   1.0474398e-02
   1.3305817e-02
   1.1632976e-02
   1.3647721e-02
   1.1977620e-02
   9.8312042e-03
   1.1216862e-02
   1.2031117e-02
   7.3965715e-03
   1.1660017e-02
   1.2972126e-02
   1.1834304e-02
   1.1503329e-02
   1.2454806e-02
   1.3941064e-02
   1.3086358e-02
   1.3320425e-02
   1.2091928e-02
   1.1151608e-02
   1.3419386e-02
   1.2389549e-02
   1.1903687e-02
   1.4751950e-02
   1.1932725e-02
   1.2566975e-02
   9.4086601e-03
   1.4080538e-02
   1.3294160e-02
   1.1480475e-02
   1.0754174e-02
   1.0976916e-02
   1.6279400e-02
   1.4469866e-02
   6.9421660e-03
   2.5971514e-03
   1.2264887e-02
   1.1936331e-02
   1.1178164e-02
   1.1976980e-02
   1.1338708e-02
   1.3266791e-02
   1.0825121e-02
   1.0734255e-02
   1.2481591e-02
   1.6923309e-02
   1.2528076e-02
   1.2459961e-02
   1.2459645e-02
   1.2217581e-02
   1.2085390e-02
   1.2134066e-02
   1.2819727e-02
   4.7985304e-03
   1.2360457e-02
   1.0255485e-02
   1.2522869e-02
   8.5544692e-03
   1.5814957e-02
   9.1135606e-03
   1.0383116e-02
   6.5384907e-03
   1.1449270e-02
   1.2188422e-02
   1.2185171e-02
   1.3083825e-02
   1.3278373e-02
   1.3499327e-02
   7.5298221e-03
   1.2808194e-02
   1.4079420e-02
   1.0983658e-02
   1.2771047e-02
   1.3932875e-02
   1.1400751e-02
   1.4872526e-02
   1.2388125e-02
   1.1432557e-02
   1.3753576e-02
   2.2935433e-02
   1.8322959e-02
   1.4926817e-02
   1.1043600e-02
   1.0673572e-02
   1.1729605e-02
   1.4052812e-02
   1.0425062e-02
   1.2788550e-02
   1.2360385e-02
   1.2594336e-02
   1.0134771e-02
   1.2773599e-02
   1.1056330e-02
   1.0071065e-02
   1.2996774e-02
   1.1346541e-02
   1.0752841e-02
   1.1900332e-02
   1.2192399e-02
   1.3057025e-02
   1.5805862e-02
   1.0132126e-02
   1.2561273e-02
   1.2887588e-02
   1.2199108e-02
   1.0975229e-02
   1.2522087e-02
   8.7443229e-03
   1.3949788e-02
   7.7638284e-03
   1.3331810e-02
   1.1294394e-02
   1.3837844e-02
   5.7232424e-04
   1.0805081e-02
   6.0088113e-03
   9.3391797e-03
   6.5063084e-03
   1.0214342e-02
   1.6703416e-02
   1.2020316e-02
   1.1579568e-02
   4.2266765e-03
   1.6703416e-02
   1.2744269e-02
   1.1870278e-02
   1.4027110e-02
   1.5202057e-02
   1.9666224e-02
   3.7979969e-03
   1.2343131e-02
   1.2180423e-02
   1.7046934e-02
   1.0339723e-02
   1.0607768e-02
   1.4166765e-02
   1.6879462e-01
   1.2817456e-02
   1.1357843e-02
   1.2493388e-02
   3.3788526e-02
   2.2191077e-02
   8.3108042e-03
   1.1532237e-02
   1.1934045e-02
   1.3061358e-02
   1.0720066e-02
   1.6455885e-02
   1.5424472e-02
   1.1839272e-02
   1.0695903e-02
   1.1271736e-02
   1.2371835e-02
   1.0332432e-02
   1.1996190e-02
   9.5441745e-03
   1.2554271e-02
   9.9032819e-03
   1.2889975e-02
   7.9705914e-03
   1.1538424e-02
   1.6703416e-02
   1.0517752e-02
   1.5071778e-02
   9.1077578e-03
   1.3956501e-02
   9.3391633e-03
   1.2435078e-02
   1.2455388e-02
   6.5855175e-03
   1.5957596e-02
   1.0661800e-02
   1.3355347e-02
   1.5274818e-02
   1.0841803e-02
   1.0106538e-02
   1.0839631e-02
   3.1227787e-03
   1.4295341e-02
   1.1955341e-02
   1.0870411e-02
   4.8328187e-03
   1.6879462e-01
   1.3034243e-02
   8.9631029e-03
   1.0677221e-02
   1.0748792e-02
   1.2086249e-02
   1.0955261e-02
   1.1400488e-02
   1.1668020e-02
   1.1656026e-02
   1.0869743e-02
   1.3080812e-02
   1.1820156e-02
   1.4890500e-02
   1.3192328e-02
   1.2379246e-02
   1.0247765e-02
   1.1884126e-02
   1.1574785e-02
   1.1113195e-02
   1.0339823e-02
   1.2757008e-02
   1.3126697e-02
   1.3277033e-02
   1.7215944e-03
   1.2459195e-02
   1.2715153e-02
   9.8345885e-05
   9.2540602e-03
   1.3065927e-02
   1.2134509e-02
   1.1201017e-02
   1.2552165e-02
   9.8345885e-05
   1.2625757e-02
   1.1573166e-02
   1.2397543e-02
   1.3267591e-02
   1.2903450e-02
   1.3004845e-02
   1.5792094e-02
   1.4346781e-02
   1.6976168e-02
   1.1527792e-02
   1.2169402e-02
   1.1107533e-02
   1.2338800e-02
   1.6955909e-02
   1.1670723e-02
   1.1337980e-02
   2.1438274e-02
   1.3045895e-02
   1.4828276e-02
   1.0845137e-02
   1.2156412e-02
   1.0945734e-02
   1.1976410e-02
   1.2471128e-02
   2.1624544e-03
   1.3249588e-02
   1.0920685e-02
   1.0315509e-02
   1.3436782e-02
   1.2016415e-02
   1.2193707e-02
   1.3528098e-02
   1.5819787e-02
   1.1774544e-02
   1.3029518e-02
   1.2705627e-02
   1.2915874e-02
   3.2863543e-03
   1.3083094e-02
   1.1740540e-02
   1.3247143e-02
   1.1780820e-02
   1.0782721e-02
   1.0612647e-02
   1.1730626e-02
   1.2437169e-02
   1.2702343e-02
   1.0975308e-02
   1.3486855e-02
   1.3957602e-02
   1.1269853e-02
   1.4290396e-02
   3.2863543e-03
   1.3821102e-02
   1.3638902e-02
   1.2909003e-02
   2.4556110e-03
   1.2576593e-02
   1.3111941e-02
   1.3419689e-02
   1.2294313e-02
   4.7826812e-03
   1.0020835e-02
   1.1352722e-02
   2.0201883e-03
   8.1477153e-03
   1.2757796e-02
   1.1578694e-02
   1.3175991e-02
   1.2199884e-02
   1.3723387e-02
   1.3993974e-02
   1.0469667e-02
   1.0639432e-02
   1.4060492e-02
   6.9930740e-04
   1.0497036e-02
   1.1314325e-02
   1.1297079e-02
   6.9930740e-04
   9.3182963e-03
   9.6429833e-04
   1.3230465e-02
   9.4859080e-03
   1.1525460e-02
   1.1338253e-02
   1.0339998e-02
   1.3685219e-02
   9.2433502e-03
   8.0409579e-03
   9.6429833e-04
   1.4827551e-02
   1.6243773e-02
   9.9238819e-03
   1.2082025e-02
   1.2484099e-02
   1.5979427e-02
   1.0854423e-02
   1.4284355e-02
   1.5781093e-02
   4.6214122e-03
   1.4263668e-02
   3.8702280e-03
   1.0410222e-02
   1.1193219e-02
   1.2410031e-02
   1.2729667e-02
   1.1986698e-02
   1.3642574e-02
   1.2993772e-02
   1.0668722e-02
   8.6013590e-03
   1.2135699e-02
   2.1624544e-03
   1.2225315e-02
   1.2992522e-02
   1.4347333e-02
   3.8702280e-03
   9.6429833e-04
   2.1624544e-03
   1.2547268e-02
   1.3058692e-02
   7.7910809e-03
   1.3088420e-02
   1.2908204e-02
   1.2000059e-02
   1.1528900e-02
   9.9599870e-03
   8.5065045e-03
   1.1513748e-02
   1.2697902e-02
   1.3350194e-02
   1.3208726e-02
   1.1773303e-02
   8.9268058e-03
   1.3929316e-02
   1.2128243e-02
   1.2005638e-02
   1.3508631e-02
   1.2904355e-02
   1.4904200e-02
   1.6880615e-02
   1.1577028e-02
   1.1769129e-02
   1.1239883e-02
   1.0658624e-02
   1.3615601e-02
   1.2646381e-02
   1.2422533e-02
   1.1343675e-02
   1.1351530e-02
   1.3073526e-02
   1.2271762e-02
   1.2754230e-02
   1.2218476e-02
   1.0596928e-02
   9.6909904e-03
   1.1760485e-02
   4.1801069e-03
   1.1718277e-02
   1.3006171e-02
   7.0785393e-03
   1.7336362e-03
   1.0249358e-02
   9.9823925e-03
   8.4587348e-03
   1.2651716e-02
   6.5653386e-03
   1.2858315e-02
   1.2195885e-02
   1.0396413e-02
   5.0282633e-03
   1.1887801e-02
   1.2437719e-02
   1.4429199e-02
   1.3056044e-02
   1.2345760e-02
   1.1205485e-02
   1.0066762e-02
   9.9974412e-03
   1.2630383e-02
   8.9419470e-03
   8.0037898e-03
   9.0505820e-03
   1.2745626e-02
   1.2660800e-02
   5.7232424e-04
   7.9238837e-03
   1.3153871e-02
   1.2258726e-02
   1.2254199e-02
   1.6703416e-02
   4.0615974e-03
   1.9349749e-02
   1.2823264e-02
   1.0438054e-02
   1.2178797e-02
   9.6253972e-03
   1.0357819e-02
   1.4271573e-02
   9.3246326e-03
   1.1054645e-02
   6.0828401e-03
   1.2595263e-02
   1.1082431e-02
   1.1629125e-02
   1.1023836e-02
   1.1960782e-02
   1.3023491e-02
   8.0603242e-03
   1.1443730e-02
   1.1771082e-02
   1.2136340e-02
   1.2205557e-02
   1.3076868e-02
   8.8771102e-03
   1.2608229e-02
   1.3214023e-02
   1.1341242e-02
   1.3109759e-02
   1.3078569e-02
   1.3618348e-02
   1.2952789e-02
   9.8521466e-03
   1.2497703e-02
   1.4205525e-02
   1.1418822e-02
   1.4164686e-02
   1.3131357e-02
   1.0209711e-02
   1.0847602e-02
   1.0717162e-02
   1.3644397e-02
   1.2600975e-02
   1.3067381e-02
   1.3194742e-02
   1.7215944e-03
   1.2025442e-02
   1.2744243e-02
   1.2919821e-02
   1.1452420e-02
   1.2247746e-02
   1.1796344e-02
   1.1651313e-02
   1.1228406e-02
   1.2734559e-02
   1.3081566e-02
   1.5000999e-02
   8.8450618e-03
   1.1913510e-02
   1.1340395e-02
   1.1530325e-02
   8.6127550e-03
   1.2714730e-02
   1.1893201e-02
   1.3873814e-02
   1.4191438e-02
   8.8450618e-03
   1.2668456e-02
   1.2008619e-02
   1.2019914e-02
   1.1755990e-02
   1.1214802e-02
   1.0930357e-02
   1.1148862e-02
   1.0140378e-02
   1.1964116e-02
   1.3335713e-02
   1.3333612e-02
   1.3410607e-02
   1.3357835e-02
   1.2409341e-02
   9.2351575e-03
   1.2375753e-02
   1.3109773e-02
   1.2930825e-02
   7.8976417e-03
   1.0044459e-02
   9.6852794e-03
   1.0285863e-02
   9.9348276e-03
   1.2027214e-02
   1.7235441e-02
   1.3992714e-02
   1.3383773e-02
   1.5128177e-02
   1.0702763e-02
   1.1002373e-02
   1.2724952e-02
   1.0864177e-02
   1.3518576e-02
   1.0232102e-02
   1.2212113e-02
   1.1448089e-02
   1.3258460e-02
   1.2099792e-02
   1.1629670e-02
   8.3992782e-03
   1.4401370e-02
   1.1051745e-02
   1.0892372e-02
   1.2851977e-02
   1.4513764e-02
   1.1278823e-02
   1.1846411e-02
   1.1810766e-02
   1.3615995e-02
   1.0324469e-02
   9.5670259e-03
   3.4281815e-03
   1.6703416e-02
   3.4281815e-03
   5.7232424e-04
   5.7232424e-04
   6.8688620e-03
   1.1253706e-02
   1.3699057e-02
   1.0101544e-02
   9.4679834e-03
   1.3316056e-02
   1.0271324e-02
   1.0281359e-02
   1.1680000e-02
   1.2942884e-02
   8.1159785e-03
   1.1636677e-02
   1.1375999e-02
   1.0062655e-02
   1.1799679e-02
   1.1109302e-02
   9.3992451e-03
   1.1794114e-02
   5.2341577e-03
   5.7232424e-04
   1.1021978e-02
   1.2734514e-02
   1.1380351e-02
   1.3024403e-02
   1.2369424e-02
   7.3262803e-03
   1.2658658e-02
   1.2824472e-02
   1.1905644e-02
   1.2653906e-02
   1.3386688e-02
   1.4298056e-02
   1.6024853e-02
   1.2042512e-02
   1.0497232e-02
   7.1068116e-03
   1.2684587e-02
   1.3904622e-02
   1.2527909e-02
   1.3713720e-02
   1.1504049e-02
   1.3046331e-02
   1.4117359e-02
   1.2472646e-02
   1.0296339e-02
   8.8242090e-03
   1.3579053e-02
   1.3590708e-02
   1.4584256e-02
   1.5273076e-02
   1.2193435e-02
   1.3906477e-02
   9.7409259e-03
   2.6970108e-02
   1.0541330e-02
   4.9802629e-03
   1.9759957e-03
   4.9802629e-03
   1.4602045e-02
   1.0665707e-02
   1.2154248e-02
   1.0823023e-02
   1.2573837e-02
   1.3179759e-02
   1.1080957e-02
   1.2970754e-02
   9.6429833e-04
   1.1131542e-02
   2.1624544e-03
   1.2080119e-02
   8.0309927e-03
   1.8813699e-02
   1.2133513e-02
   1.0772743e-02
   1.1791784e-02
   1.2081020e-02
   1.4680616e-02
   8.5514876e-03
   1.4202350e-02
   1.2762991e-02
   1.6146890e-02
   1.3908421e-02
   1.5594612e-02
   1.3391244e-02
   1.0378646e-02
   1.1994068e-02
   1.3691152e-02
   1.1893184e-02
   1.2187439e-02
   1.2083125e-02
   1.0879157e-02
   2.2468310e-03
   1.4534814e-02
   9.8030672e-03
   1.1350776e-02
   1.3410976e-02
   4.8676464e-03
   1.0598980e-02
   1.3397657e-02
   1.2458140e-02
   1.3240013e-02
   1.8873898e-03
   1.3050357e-02
   1.1223416e-02
   1.0645168e-02
   1.2761778e-02
   1.0579559e-02
   9.8781401e-03
   1.2003231e-02
   1.4107677e-02
   1.2522713e-02
   1.2181952e-02
   1.0148447e-02
   1.3049563e-02
   1.5040123e-02
   1.1777698e-02
   1.2720869e-02
   1.2760465e-02
   9.4684274e-03
   1.1926703e-02
   1.2581902e-02
   1.6984981e-02
   1.0243407e-02
   1.2489690e-02
   1.3077078e-02
   1.0984463e-02
   1.2935736e-02
   1.0869465e-02
   1.2505865e-02
   1.7618181e-02
   1.2795981e-02
   1.3795928e-02
   1.2604016e-02
   5.4971083e-03
   4.9975822e-03
   1.8873898e-03
   1.2775396e-02
   1.3187006e-02
   1.2711796e-02
   1.1687646e-02
   2.4058628e-03
   1.2545125e-02
   2.4058628e-03
   9.7520542e-03
   1.1432107e-02
   1.1536762e-02
   1.2196650e-02
   1.2738891e-02
   1.3303291e-02
   1.1706635e-02
   1.0060862e-02
   1.2923119e-02
   1.2751227e-02
   1.2722814e-02
   1.3537303e-02
   1.1156500e-02
   1.1534081e-02
   1.2229500e-02
   1.2338001e-02
   1.2760098e-02
   1.3400989e-02
   1.1852967e-02
   1.2132427e-02
   1.1995339e-02
   1.3444826e-02
   1.0509461e-02
   1.2995884e-02
   1.3468121e-02
   1.3283305e-02
   1.2823190e-02
   4.4938718e-03
   1.3719366e-02
   1.3831842e-02
   9.3284958e-03
   1.2684000e-02
   1.1367026e-02
   1.2669800e-02
   1.6711637e-02
   1.1888208e-02
   1.2785339e-02
   1.3614607e-02
   1.1394122e-02
   1.1761930e-02
   1.3680090e-02
   1.1035835e-02
   1.0104257e-02
   1.0794149e-02
   3.9918769e-02
   1.1701846e-02
   9.6566479e-03
   1.4053664e-02
   1.1682875e-02
   1.2014019e-02
   1.4552049e-02
   1.1984763e-02
   6.2300675e-03
   1.1656112e-02
   1.0922676e-02
   1.1490607e-02
   1.2596617e-02
   1.0392571e-02
   1.1011929e-02
   1.1604823e-02
   1.3750625e-02
   1.1518820e-02
   1.1212311e-02
   1.2557741e-02
   1.1355650e-02
   1.3121322e-02
   1.2045737e-02
   1.1791460e-02
   1.2270008e-02
   1.1363262e-02
   1.4171963e-02
   1.1757576e-02
   1.3374064e-02
   1.1040812e-02
   1.1958773e-02
   1.2370051e-02
   1.2461135e-02
   1.1214164e-02
   1.1562662e-02
   1.5020382e-02
   1.1270014e-02
   1.2444859e-02
   1.1683948e-02
   1.2480538e-02
   1.3154588e-02
   1.2343812e-02
   4.6554458e-03
   1.2201887e-02
   1.3865683e-02
   6.7896397e-03
   1.2879448e-02
   2.4058628e-03
   1.4032484e-02
   1.2937654e-02
   9.7617275e-03
   1.1835763e-02
   9.3793748e-03
   1.2941205e-02
   1.4002712e-02
   1.2722723e-02
   1.2648808e-02
   1.1736146e-02
   1.2920969e-02
   1.2692275e-02
   1.3225497e-02
   1.3201928e-02
   1.3083139e-02
   1.1616223e-02
   4.8676464e-03
   1.3282628e-02
   1.2995348e-02
   1.4132316e-02
   3.2829615e-03
   1.6304889e-02
   1.3423384e-02
   1.2838915e-02
   1.0036070e-02
   1.1591848e-02
   8.6433361e-03
   1.1517698e-02
   4.9683047e-03
   1.1933385e-02
   1.2927903e-02
   8.8881932e-03
   8.5200828e-03
   1.0851517e-02
   8.6464879e-03
   9.6429833e-04
   2.6091813e-03
   9.7658739e-03
   9.7905835e-03
   1.1937252e-02
   1.1773314e-02
   1.1912187e-02
   1.1696709e-02
   1.3562614e-02
   1.3917313e-02
   1.3105683e-02
   1.3136666e-02
   2.4058628e-03
   1.5563655e-02
   1.0857715e-02
   1.0436208e-02
   9.9856892e-03
   1.3082406e-02
   1.2274167e-02
   1.4095179e-02
   1.2335408e-02
   1.1426354e-02
   1.3120896e-02
   9.0913786e-03
   1.1248949e-02
   1.0633700e-02
   1.3083825e-02
   1.3007754e-02
   1.4549172e-02
   8.4688498e-03
   1.3006281e-02
   1.2318305e-02
   1.1832293e-02
   1.3207197e-02
   3.1556000e-03
   8.7715963e-03
   1.3224504e-02
   3.2829615e-03
   9.0367356e-03
   1.2104286e-02
   1.3007687e-02
   8.6013590e-03
   1.1713730e-02
   1.1115548e-02
   7.6940110e-03
   1.1124936e-02
   1.1190034e-02
   1.5421883e-02
   1.6418830e-02
   1.1489308e-02
   1.5251510e-02
   1.3138330e-02
   1.1727023e-02
   1.2110494e-02
   1.1288398e-02
   9.9846896e-03
   1.3209860e-02
   1.3642648e-02
   1.2292452e-02
   1.1795564e-02
   1.2654556e-02
   1.0648192e-02
   1.7215944e-03
   9.7927578e-03
   1.2634475e-02
   9.2457236e-03
   1.6703416e-02
   1.0924472e-02
   2.2468310e-03
   1.1165666e-02
   9.6429833e-04
   1.6536936e-02
   1.1043180e-02
   1.3168839e-02
   8.8753679e-04
   4.1801069e-03
   9.3454824e-03
   8.8753679e-04
   1.5810433e-02
   1.3847381e-03
   9.4952161e-03
   6.0077127e-03
   9.2015302e-03
   1.9833381e-03
   1.3221635e-02
   1.1256005e-02
   1.0582616e-02
   9.5470400e-03
   1.3442890e-02
   9.9189707e-03
   1.2059101e-02
   1.1499493e-02
   1.2493848e-02
   1.2775317e-02
   1.1470799e-02
   1.2011364e-02
   1.2304400e-02
   1.2383594e-02
   9.9804157e-03
   1.0746324e-02
   1.1278445e-02
   1.1378218e-02
   1.6703416e-02
   1.7410203e-02
   1.0209021e-02
   4.2175825e-03
   1.2103102e-02
   4.2175825e-03
   1.0068927e-02
   1.6703416e-02
   1.2482255e-02
   4.2175825e-03
   1.1642466e-02
   1.1794663e-02
   1.2698972e-02
   9.3998997e-03
   1.2170921e-02
   1.1906246e-02
   1.2296153e-02
   1.0035326e-02
   1.1055859e-02
   1.4168925e-02
   1.0623716e-02
   1.0965971e-02
   1.2911236e-02
   1.1726127e-02
   1.2956190e-02
   9.6429833e-04
   1.0550745e-02
   1.3068019e-02
   1.2429798e-02
   1.0957239e-02
   1.2812312e-02
   1.6703416e-02
   1.5979237e-02
   1.1545995e-02
   1.2850888e-02
   1.1423150e-02
   1.1608181e-02
   4.1801069e-03
   5.7232424e-04
   1.2850064e-02
   1.3112874e-02
   1.2802920e-02
   1.0844885e-03
   1.2323530e-02
   8.7721049e-03
   1.4844910e-02
   1.1860158e-02
   1.4052486e-02
   1.5207727e-02
   1.3610694e-02
   1.3959639e-02
   4.9196241e-03
   1.4453602e-02
   1.0843979e-02
   1.3957939e-02
   1.4410335e-02
   9.4171459e-03
   9.7503945e-03
   1.3404129e-02
   1.3165894e-02
   1.2135595e-02
   1.9342539e-02
   1.3146361e-02
   1.2367478e-02
   1.1704968e-02
   1.4899453e-02
   8.6732136e-03
   1.5188688e-02
   1.3068373e-02
   1.0918269e-02
   1.1236104e-02
   1.0968787e-02
   1.2985252e-02
   8.5422045e-03
   1.1921505e-02
   1.2256567e-02
   8.4630034e-03
   1.4605325e-02
   1.4296186e-02
   1.4098027e-02
   1.2869801e-02
   1.2457832e-02
   1.2967833e-02
   6.4000509e-03
   1.7001565e-02
   1.1787297e-02
   1.2983853e-02
   9.9655939e-03
   1.0241373e-02
   1.6405682e-02
   1.2112783e-02
   1.2772163e-02
   1.6195238e-02
   6.0656377e-03
   1.0285224e-02
   9.4787053e-03
   3.4331924e-03
   1.0589136e-02
   1.3234696e-02
   1.2877023e-02
   2.4058628e-03
   1.0207156e-02
   1.4678232e-02
   1.0686430e-02
   1.1298488e-02
   1.2562269e-02
   1.1202141e-02
   1.0472406e-02
   1.0921760e-02
   9.1067067e-03
   1.3436654e-02
   1.2434185e-02
   1.6815190e-02
   1.2915429e-02
   1.2101532e-02
   1.2485172e-02
   1.0335853e-02
   1.2699414e-02
   9.6046973e-03
   1.3868609e-02
   1.1850202e-02
   1.1091437e-02
   1.0933581e-02
   1.0480358e-02
   5.7276225e-03
   1.1871629e-02
   1.2761288e-02
   1.2936212e-02
   1.0698435e-02
   1.3029558e-02
   1.2949693e-02
   1.2299067e-02
   1.1900433e-02
   1.0324341e-02
   1.2768754e-02
   1.1853632e-02
   1.3308405e-02
   1.1529672e-02
   1.0083763e-02
   1.2379955e-02
   1.3429878e-02
   1.0191875e-02
   1.1852513e-02
   1.4253413e-02
   1.3448962e-02
   1.3728827e-02
   1.1232024e-02
   1.2430654e-02
   9.3461868e-03
   1.1774564e-02
   1.1209655e-02
   7.0829227e-03
   1.2894448e-02
   1.3129560e-02
   1.3006913e-02
   1.1059649e-02
   1.2115529e-02
   1.4133139e-02
   1.1380057e-02
   1.2048915e-02
   1.1117343e-02
   1.1149588e-02
   1.1108826e-02
   1.4371737e-02
   1.3188702e-02
   1.1290475e-02
   9.6122803e-03
   1.1755882e-02
   1.2097657e-02
   1.1658416e-02
   1.1830347e-02
   1.3160880e-02
   1.0779628e-02
   3.1756541e-02
   1.0482938e-02
   1.2262331e-02
   1.3044744e-02
   1.2356535e-02
   1.1406086e-02
   1.3145225e-02
   1.2382280e-02
   1.2313662e-02
   1.1342227e-02
   1.4078483e-02
   1.1897589e-02
   1.3885466e-02
   1.0883196e-02
   1.0066573e-02
   1.5742207e-02
   1.3352343e-02
   1.0819279e-02
   1.2891748e-02
   1.0945967e-02
   1.2543637e-02
   8.6566796e-03
   1.2999596e-02
   1.1916033e-02
   1.1703607e-02
   1.1292570e-02
   1.2340383e-02
   1.2709319e-02
   1.1278297e-02
   1.4647841e-02
   1.0656241e-02
   1.1019716e-02
   1.1018606e-02
   1.1307664e-02
   1.0717450e-02
   1.2251168e-02
   2.3879994e-02
   1.0839178e-02
   1.1043781e-02
   1.0186758e-02
   1.1736283e-02
   1.6703416e-02
   1.2474823e-02
   1.1841514e-02
   8.4693073e-03
   1.6703416e-02
   8.6948342e-03
   7.3274649e-03
   1.0046790e-02
   1.1745726e-02
   1.6703416e-02
   1.3271203e-02
   3.2829615e-03
   6.7856273e-03
   9.1858457e-03
   8.1945866e-03
   7.4618559e-03
   7.5220216e-03
   4.9567286e-03
   1.3225043e-02
   1.4598688e-02
   1.5313825e-02
   8.5724466e-03
   1.0343495e-02
   1.2825599e-02
   1.1728180e-02
   3.1556000e-03
   1.2159653e-02
   9.2530747e-03
   1.4088831e-02
   1.1066579e-02
   1.3246920e-02
   1.2248088e-02
   1.2520997e-02
   1.1861901e-02
   1.1867851e-02
   1.3048034e-02
   1.3876721e-02
   1.3078335e-02
   1.0352308e-02
   1.2515757e-02
   1.4695443e-02
   1.2319859e-02
   3.2964750e-04
   1.5539283e-02
   5.4399782e-04
   1.2022097e-02
   1.3422401e-02
   8.1717305e-03
   8.7715963e-03
   1.3367849e-02
   9.0783292e-03
   1.7413800e-02
   1.2053205e-02
   1.3092078e-02
   1.3091683e-02
   1.3833318e-02
   1.3101696e-02
   1.3402770e-02
   1.1847159e-02
   8.4204045e-03
   1.2626197e-02
   1.1864208e-02
   1.9277714e-02
   1.1122117e-02
   1.0836644e-02
   1.3108221e-02
   1.2906402e-02
   1.1536732e-02
   1.1934673e-02
   4.2887490e-04
   1.1618126e-02
   1.2742065e-02
   1.4152512e-02
   1.0364684e-02
   1.2469013e-02
   1.3450504e-02
   1.5456505e-02
   4.2887490e-04
   6.9823662e-03
   1.2335796e-02
   1.2841839e-02
   1.2370142e-02
   1.1742265e-02
   1.0456238e-02
   1.1222037e-02
   1.2223007e-02
   1.2917367e-02
   1.2429658e-02
   1.0279306e-02
   1.3430270e-02
   1.4796185e-02
   1.1630186e-02
   1.3848473e-02
   1.4462701e-02
   1.7170841e-02
   1.3555170e-02
   1.4886682e-02
   1.1418438e-02
   1.1105035e-02
   1.1553696e-02
   1.2064765e-02
   9.7923449e-03
   1.3787001e-02
   1.1650587e-02
   1.2559643e-02
   1.2732888e-02
   1.2741721e-02
   9.7214726e-03
   1.1244297e-02
   1.2907537e-02
   1.5751266e-02
   1.3362641e-02
   1.2076434e-02
   1.3760636e-02
   1.1711384e-02
   9.8634578e-03
   8.0716865e-03
   1.1936082e-02
   1.2061411e-02
   1.1965236e-02
   1.0282523e-02
   1.0842901e-02
   1.4486610e-02
   1.0451301e-02
   1.2756411e-02
   8.8543379e-03
   1.2978942e-02
   1.3103845e-02
   1.2461175e-02
   4.8964334e-03
   1.1841030e-02
   5.1291183e-03
   1.1687778e-02
   7.5754640e-03
   1.2271492e-02
   1.0240184e-02
   1.3137556e-02
   1.3068324e-02
   1.0390452e-02
   1.0168237e-02
   1.0746561e-02
   1.0450570e-02
   1.1423279e-02
   1.2353981e-02
   1.0361590e-02
   2.1624544e-03
   1.5552765e-02
   1.6568878e-02
   1.1738663e-02
   1.3134274e-02
   1.4171429e-02
   1.2626332e-02
   2.1624544e-03
   9.2057244e-03
   1.4847197e-02
   1.3796137e-02
   5.7232424e-04
   1.1813012e-02
   5.7232424e-04
   1.1780398e-02
   1.1379106e-02
   1.7055097e-02
   1.0513794e-02
   1.4617658e-02
   1.3194721e-02
   1.3356304e-02
   1.2621491e-02
   1.3551335e-02
   1.2313970e-02
   5.7232424e-04
   1.3092749e-02
   1.2426377e-02
   1.3026070e-02
   1.3678789e-02
   1.2115888e-02
   1.1159683e-02
   9.9378922e-03
   1.2667548e-02
   1.0360636e-02
   1.2055047e-02
   1.1801539e-02
   1.2556218e-02
   1.7433817e-02
   1.2978353e-02
   1.2144737e-02
   1.4760056e-02
   1.2196088e-02
   1.3774771e-02
   1.3661609e-02
   1.1768735e-02
   1.4306824e-02
   1.5398010e-02
   1.0875466e-02
   1.3789400e-02
   6.3303576e-03
   1.5807316e-02
   6.0797674e-03
   7.3349725e-03
   1.5536117e-02
   1.0671005e-02
   1.2938566e-02
   1.1892566e-02
   1.0105014e-02
   1.2979229e-02
   1.0844885e-03
   6.6969290e-03
   6.5185076e-03
   1.1669398e-02
   8.2133719e-03
   1.2828893e-02
   1.3486471e-02
   1.0272984e-02
   1.3694475e-02
   1.3615997e-02
   1.2031350e-02
   1.0268795e-02
   1.2534678e-02
   8.1777736e-03
   8.3306597e-03
   1.1199385e-02
   1.3083024e-02
   1.1419657e-02
   1.3240994e-02
   1.3274002e-02
   1.1933889e-02
   1.3809132e-02
   1.1207105e-02
   1.1891517e-02
   1.1425037e-02
   7.7773861e-03
   1.2172516e-02
   1.2803768e-02
   1.3149322e-02
   1.5057284e-02
   1.0218974e-02
   1.2128180e-02
   1.2441497e-02
   1.2257710e-02
   1.1391658e-02
   1.3083636e-02
   1.2066518e-02
   1.1956124e-02
   1.1657375e-02
   7.4269537e-03
   7.6998428e-03
   1.1694824e-02
   1.0763764e-02
   6.8597968e-03
   1.3228733e-02
   1.7105325e-02
   1.1638446e-02
   1.1281300e-02
   1.1317987e-02
   1.5544824e-02
   1.1968014e-02
   1.4135944e-02
   1.5916208e-02
   1.4478638e-02
   1.1828358e-02
   1.1738518e-02
   1.5105685e-02
   9.0075637e-03
   1.1409161e-02
   1.3027681e-02
   1.3027664e-02
   8.3941309e-03
   1.1448628e-02
   6.4689612e-03
   1.4364432e-02
   1.1969943e-02
   1.1110783e-02
   1.3178288e-02
   1.2957474e-02
   1.3055216e-02
   1.2121804e-02
   1.1460736e-02
   1.1640315e-02
   1.1044129e-02
   1.4068995e-02
   1.6703416e-02
   1.0093723e-02
   2.1624544e-03
   1.3492606e-02
   1.9421715e-02
   1.0048172e-02
   7.2144770e-03
   4.9570178e-03
   1.2092640e-02
   1.3083811e-02
   1.3473395e-02
   1.0971651e-02
   1.3648149e-02
   1.1227847e-02
   1.2320735e-02
   1.2747274e-02
   1.3847381e-03
   8.8778617e-03
   1.1318904e-02
   8.3227661e-03
   9.6677520e-03
   6.1887286e-03
   1.2387558e-02
   7.8318718e-03
   1.7215944e-03
   9.6192645e-03
   1.0949277e-02
   8.5632828e-03
   1.2954347e-02
   1.3011250e-02
   7.9927220e-03
   8.0409579e-03
   1.1872271e-02
   1.3915754e-02
   2.4058628e-03
   1.0844885e-03
   1.3078300e-02
   1.3407473e-02
   1.2350828e-02
   1.2685519e-02
   1.6574943e-03
   1.2823547e-02
   1.1362749e-02
   1.4148041e-02
   1.3309843e-03
   1.0796752e-02
   9.3945327e-03
   1.1500996e-02
   1.2959532e-02
   1.1459998e-02
   1.3959224e-02
   1.4287158e-02
   9.5930344e-03
   1.2113231e-02
   1.3303469e-03
   1.1402717e-02
   1.1884699e-02
   1.2942166e-02
   5.0137500e-03
   1.2385096e-02
   1.2758421e-02
   9.6429833e-04
   1.2837757e-02
   6.5845728e-03
   1.9156456e-02
   1.1364010e-02
   4.7764748e-03
   1.2855926e-02
   4.9847623e-03
   1.6574943e-03
   1.2934396e-02
   1.3529498e-02
   1.6907121e-02
   1.3601576e-02
   1.4147268e-02
   1.2887924e-02
   1.1384143e-02
   1.4214077e-02
   1.1134328e-02
   1.3263509e-02
   1.3083797e-02
   1.3033875e-02
   1.2943201e-02
   1.2462563e-02
   1.1117930e-02
   1.1409081e-02
   9.8032318e-03
   1.2459510e-02
   1.3319690e-02
   1.4210815e-02
   1.0831380e-02
   1.1228834e-02
   1.1195123e-02
   1.3041942e-02
   1.4205244e-02
   1.2327231e-02
   1.2273630e-02
   1.3893228e-02
   1.3181551e-02
   3.4922649e-04
   1.2075402e-02
   1.0514645e-02
   1.4215492e-02
   1.3973440e-02
   9.1327852e-03
   1.0020683e-02
   1.2376293e-02
   1.2944267e-02
   3.4922649e-04
   1.0011985e-02
   5.5885349e-03
   1.3076865e-02
   1.1890485e-02
   1.5065199e-02
   1.1649734e-02
   1.5331853e-02
   1.5973353e-02
   1.1267080e-02
   1.3062408e-02
   1.3083825e-02
   1.7439493e-02
   1.0286462e-02
   1.3126359e-02
   1.2641776e-02
   1.1655283e-02
   1.2833531e-02
   1.2802730e-02
   1.3175360e-02
   1.3324604e-02
   1.2667420e-02
   1.4670557e-02
   1.2527753e-02
   1.0622806e-02
   5.0282568e-03
   1.2235713e-02
   1.1205618e-02
   1.0623276e-02
   1.1724025e-02
   1.2990422e-02
   1.3912917e-02
   9.9270861e-03
   1.1664267e-02
   1.2335974e-02
   1.5105787e-02
   1.3424882e-02
   1.2231420e-02
   8.3904713e-03
   1.2550987e-02
   1.1097834e-02
   1.1140147e-02
   1.3430951e-02
   1.2077339e-02
   9.8750339e-03
   1.2128511e-02
   1.0585176e-02
   3.4139550e-02
   9.4884625e-03
   5.9039131e-08
   1.1582125e-02
   1.0110026e-02
   1.2245061e-02
   5.9039131e-08
   1.2376986e-02
   1.0815378e-02
   1.2911528e-02
   1.2363431e-02
   1.1883243e-02
   1.1665762e-02
   1.0015487e-02
   1.0619293e-02
   1.5462282e-02
   1.3743399e-02
   1.1132031e-02
   1.2837791e-02
   1.2906452e-02
   8.7150379e-03
   1.2138042e-02
   1.3819893e-02
   1.3179558e-02
   1.3734289e-02
   1.2968416e-02
   1.3365190e-02
   1.2437267e-02
   1.1944869e-02
   1.3134759e-02
   1.6703416e-02
   1.2315367e-02
   1.1615140e-02
   1.6703416e-02
   1.1411131e-02
   1.3776357e-02
   1.1487014e-02
   1.7252275e-02
   1.2649345e-02
   8.7616364e-03
   1.2781905e-02
   1.3347449e-02
   1.0540285e-02
   1.2914135e-02
   1.2972087e-02
   1.2777110e-02
   1.2438302e-02
   1.0621573e-02
   1.2130092e-02
   1.1768189e-02
   1.1343525e-02
   1.1840405e-02
   1.1903826e-02
   9.3762949e-03
   1.0205362e-02
   1.1221910e-02
   9.6589610e-03
   1.5956870e-02
   1.2912437e-02
   8.2427220e-03
   1.3016849e-02
   4.5115736e-03
   1.1649706e-02
   1.1259161e-02
   1.3014482e-02
   1.2933468e-02
   1.1300194e-02
   1.1407998e-02
   1.1555551e-02
   1.0839755e-02
   1.2655815e-02
   1.3370361e-02
   1.0526140e-02
   1.1804714e-02
   8.7073983e-03
   1.2370967e-02
   1.4214536e-02
   1.3207795e-02
   1.4439969e-02
   1.2768563e-02
   1.1518712e-02
   1.3067346e-02
   6.8075631e-03
   1.0351058e-02
   1.2212330e-02
   2.5971514e-03
   2.5971514e-03
   1.2438143e-02
   1.0276198e-02
   1.2816231e-02
   1.3274081e-02
   2.5971514e-03
   8.3187954e-03
   1.4043864e-02
   1.1202696e-02
   1.2609457e-02
   1.2826523e-02
   1.4463343e-02
   1.3673925e-02
   8.6893556e-03
   5.5022679e-03
   9.7933312e-03
   1.2667198e-02
   1.1806005e-02
   1.3425873e-02
   1.4184010e-02
   1.3107306e-02
   1.1335618e-02
   1.2583594e-02
   1.2819517e-02
   7.9424723e-03
   1.5151290e-02
   1.1629800e-02
   1.4454418e-02
   1.1632394e-02
   1.4531085e-02
   1.2831534e-02
   1.1742984e-02
   1.6885686e-02
   1.1999014e-02
   1.1784099e-02
   8.8874979e-03
   9.4546968e-03
   1.3721932e-02
   1.2085866e-02
   1.0091647e-02
   6.1687804e-03
   1.3475319e-02
   1.3116784e-02
   1.3778644e-02
   1.9034285e-02
   1.3453854e-02
   1.0607644e-02
   1.0389945e-02
   1.2205165e-02
   1.1696737e-02
   1.1871406e-02
   1.2116389e-02
   1.1646223e-02
   4.1997186e-09
   1.2148770e-02
   1.1899238e-02
   1.4639555e-02
   1.6820263e-02
   1.2212827e-02
   1.2711063e-02
   1.1550814e-02
   4.1997186e-09
   1.2973434e-02
