   1.3291123e-02
   1.4231463e-02
   1.1217567e-02
   1.4079745e-02
   1.2929904e-02
   1.3889567e-02
   1.4109006e-02
   1.6230024e-02
   1.4949053e-02
   1.3525832e-02
   1.4770619e-02
   1.5197632e-02
   1.1789147e-02
   1.3099372e-02
   7.8916218e-03
   1.2780015e-02
   1.3399225e-02
   1.3027974e-02
   1.3911169e-02
   1.3142914e-02
   6.3775532e-03
   1.7890728e-02
   1.4388728e-02
   1.3489918e-02
   1.1937708e-02
   1.4103680e-02
   1.3583499e-02
   1.3130581e-02
   1.2562051e-02
   1.3532008e-02
   1.1568759e-02
   1.6993275e-02
   1.0659215e-02
   1.4295460e-02
   1.1689517e-02
   9.9264959e-03
   6.5066356e-04
   1.4147420e-02
   1.2364527e-02
   1.6993275e-02
   1.0536924e-02
   1.4270496e-02
   1.3599700e-02
   1.1964427e-02
   1.0920553e-02
   1.3726247e-02
   1.5998192e-02
   1.2974481e-02
   1.1106897e-02
   1.2335911e-02
   1.2188227e-02
   1.0351305e-02
   1.1207153e-02
   1.3653111e-02
   1.3181257e-02
   1.3017321e-02
   8.5732989e-03
   6.5066356e-04
   1.2834185e-02
   8.1128483e-03
   1.0630753e-02
   6.4574379e-03
   1.3865277e-02
   1.1611515e-02
   7.5603629e-03
   1.4075086e-02
   7.7548347e-03
   1.4724228e-02
   1.9203835e-03
   1.4774594e-02
   1.0962908e-03
   7.7236640e-03
   8.7311571e-03
   1.4056635e-02
   1.0962908e-03
   1.2249806e-02
   1.1957072e-02
   9.1225657e-03
   7.4678597e-03
   9.6153215e-03
   2.1053230e-03
   1.3161624e-02
   1.8377702e-02
   1.2015201e-02
   1.4005898e-02
   9.4858794e-03
   3.0253412e-02
   9.1980291e-03
   1.3607222e-02
   1.6993275e-02
   2.9125530e-02
   1.1556005e-02
   1.1400555e-02
   1.1301097e-02
   7.8559019e-03
   1.5349248e-02
   9.8887343e-03
   1.6556232e-02
   1.3455566e-02
   1.4374628e-02
   1.3378669e-02
   1.4759485e-02
   1.6551841e-02
   1.6364474e-02
   1.2446539e-02
   1.2529435e-02
   1.3425105e-02
   1.3522884e-02
   1.2068823e-02
   1.2399629e-02
   5.0867815e-03
   9.2884959e-03
   2.2043291e-02
   8.2404898e-03
   1.9203835e-03
   1.6993275e-02
   1.2967415e-02
   2.8065890e-03
   1.2926985e-02
   9.5354416e-03
   1.2790691e-02
   1.1535535e-02
   1.3969319e-02
   2.8065890e-03
   1.2854137e-02
   1.1585765e-02
   1.4220478e-02
   1.0155026e-02
   5.2911339e-03
   9.2334764e-03
   1.2812593e-02
   1.4981385e-02
   1.2298610e-02
   2.0451916e-04
   1.4384877e-02
   1.5899284e-02
   1.3814623e-02
   1.6622794e-02
   9.0385403e-03
   4.8883249e-04
   4.3383905e-03
   1.1457285e-02
   1.0847121e-02
   1.2922704e-02
   1.3877983e-02
   1.4438428e-02
   1.3596623e-02
   1.6488123e-02
   1.3621842e-02
   1.4585782e-02
   1.1553027e-02
   1.1933751e-02
   3.4717262e-04
   1.1903436e-02
   3.2165474e-02
   1.4483757e-02
   1.5462689e-02
   1.3500166e-02
   1.3570251e-02
   1.0197571e-02
   1.3700522e-02
   1.1564344e-02
   1.6951666e-02
   1.2352289e-02
   1.2064921e-02
   1.2670076e-02
   1.8384143e-02
   1.0164552e-02
   1.4954960e-02
   1.4218586e-01
   1.3155268e-02
   1.4599827e-02
   1.3022671e-02
   1.4484883e-02
   1.2583901e-02
   1.4474592e-02
   1.2749612e-02
   1.3376413e-02
   1.3655151e-02
   1.3838387e-02
   1.2063572e-02
   1.4296647e-02
   1.5684624e-02
   1.5397394e-02
   1.2930480e-02
   1.6993275e-02
   1.7150405e-02
   1.1869034e-02
   1.1394279e-02
   1.4422505e-02
   1.7484233e-02
   1.2802158e-02
   1.5801277e-02
   1.4217797e-02
   1.4119927e-02
   1.1348756e-02
   2.4584496e-03
   9.6100982e-03
   1.4015411e-02
   1.0993945e-02
   1.4055739e-02
   1.6762615e-02
   1.6145254e-02
   1.4397593e-02
   1.2498320e-02
   1.0558667e-02
   1.3372146e-02
   1.4248592e-02
   1.5517634e-02
   1.5520665e-02
   1.2902032e-02
   1.4330314e-02
   1.3004933e-02
   1.1819834e-02
   1.1730431e-02
   1.2397824e-02
   1.6245101e-02
   1.7088954e-02
   1.5262020e-02
   1.6355203e-02
   1.0874642e-02
   1.2822019e-02
   1.4915596e-02
   1.5546685e-02
   1.3783272e-02
   1.2964728e-02
   1.5053243e-02
   1.4339081e-02
   1.2283457e-02
   1.9768814e-02
   1.3867127e-02
   1.2839180e-02
   1.4976090e-02
   1.4039948e-02
   1.1147371e-02
   1.2428123e-02
   1.3265192e-02
   1.3362709e-02
   1.6830372e-02
   1.4194306e-02
   1.6370244e-02
   1.6794186e-02
   1.3183276e-02
   1.1619483e-02
   1.4321617e-02
   1.4358676e-02
   9.0464012e-03
   1.2927790e-02
   1.4850694e-02
   1.5421000e-02
   1.3237330e-02
   1.3912740e-02
   1.3629792e-02
   1.5355445e-02
   8.1685652e-03
   7.3604515e-03
   8.9931932e-03
   6.5066356e-04
   5.7485766e-03
   1.6993275e-02
   1.4378872e-02
   7.9035503e-03
   6.5177096e-03
   4.7892941e-03
   1.4870328e-02
   6.5066356e-04
   1.0759700e-03
   9.0322471e-03
   1.0759700e-03
   9.3558387e-03
   1.1836089e-02
   1.4775612e-02
   4.9084128e-03
   1.3611771e-02
   1.1448359e-02
   1.0323738e-02
   7.6820886e-03
   1.1140029e-02
   1.3458396e-02
   1.3055800e-02
   1.6993275e-02
   5.7415561e-03
   9.6728343e-03
   1.3727184e-02
   7.1698441e-03
   1.6993275e-02
   1.1966936e-02
   1.1517259e-02
   1.4726177e-02
   1.4140288e-02
   1.4414843e-02
   1.0897921e-02
   1.3242720e-02
   1.1810431e-02
   2.0494384e-02
   1.2805957e-02
   1.3762672e-02
   1.1880167e-02
   1.5374502e-02
   1.2978976e-02
   1.4004780e-02
   1.3035037e-02
   1.4095718e-02
   6.5614906e-03
   1.3474892e-02
   1.3186147e-02
   1.2285199e-02
   1.3218318e-02
   1.4568613e-02
   1.2164653e-02
   1.3829028e-02
   1.6011369e-02
   1.4539849e-02
   1.4001811e-02
   1.4272158e-02
   1.5157373e-02
   1.3070681e-02
   1.4016180e-02
   1.4148942e-02
   8.2784921e-03
   9.0868949e-03
   1.5513988e-02
   1.1744826e-02
   1.1650707e-02
   1.3922504e-02
   1.4991805e-02
   1.2800640e-02
   8.8054699e-03
   3.4592377e-03
   2.6503061e-03
   9.5957298e-03
   3.4592377e-03
   1.5537120e-02
   1.2771219e-02
   3.4592377e-03
   1.5279257e-02
   1.0323947e-02
   1.0424558e-02
   1.7638663e-02
   1.1866729e-02
   1.1701370e-02
   1.0025397e-03
   1.0962908e-03
   7.7847509e-03
   8.4093205e-03
   1.9203835e-03
   1.1210322e-02
   6.6276237e-03
   1.4480888e-02
   1.0962908e-03
   2.1561019e-03
   7.4222925e-03
   5.5181935e-03
   1.0025397e-03
   9.2533305e-03
   1.3687048e-02
   1.1116530e-02
   1.1809182e-02
   1.3914932e-02
   1.1186222e-02
   1.1701854e-02
   1.4848707e-02
   1.4874730e-02
   1.6993275e-02
   1.5077902e-02
   1.3619134e-02
   9.3369534e-03
   1.3850070e-02
   1.6993275e-02
   8.6867067e-03
   1.5046723e-02
   1.7661901e-02
   1.1928575e-02
   1.3126410e-02
   1.3119015e-02
   1.2336016e-02
   1.4799848e-02
   1.5513700e-02
   1.3162435e-02
   1.6877384e-02
   1.4052323e-02
   1.5423446e-02
   9.0836933e-03
   1.2719663e-02
   1.4713420e-02
   1.2701233e-02
   1.4878911e-02
   1.1265884e-02
   1.0684451e-02
   9.5536604e-03
   4.3867316e-05
   1.4175728e-02
   7.0593022e-03
   8.0911566e-03
   8.5999462e-03
   9.7414823e-05
   7.4792654e-03
   1.2600447e-02
   9.1287329e-03
   1.2011456e-02
   1.3981281e-02
   6.9030210e-03
   5.4974190e-03
   1.4526951e-02
   1.4572852e-02
   1.2348515e-02
   1.3551723e-02
   1.5566244e-02
   1.3686642e-02
   8.2784921e-03
   1.4733690e-02
   1.5542822e-02
   1.7296880e-02
   1.2446533e-02
   1.4634426e-02
   1.4605239e-02
   1.3265818e-02
   1.3574644e-02
   1.3196579e-02
   1.3650848e-02
   1.5797121e-02
   1.3186125e-02
   1.7410179e-02
   1.3891638e-02
   1.3398152e-02
   1.1287391e-02
   1.2355668e-02
   1.4969030e-02
   1.1957973e-02
   1.5753610e-02
   1.3731256e-02
   1.5261273e-02
   1.2961418e-02
   1.2933919e-02
   9.6238708e-03
   1.2591257e-02
   1.0545623e-02
   1.4828377e-02
   1.3322220e-02
   1.2498435e-02
   1.2545745e-02
   1.2017561e-02
   9.9250668e-03
   1.0574295e-02
   1.1553777e-02
   1.3559731e-02
   7.6642021e-03
   1.0897589e-02
   1.4982324e-02
   1.3995716e-02
   4.3383905e-03
   7.5377526e-03
   1.2143846e-02
   1.3611235e-02
   4.3867316e-05
   1.3855903e-02
   1.4457500e-02
   1.1651355e-02
   1.2906669e-02
   1.4186224e-02
   1.3094757e-02
   1.3386012e-02
   1.2758247e-02
   1.0557256e-02
   1.6525237e-02
   1.6222345e-02
   1.2149006e-02
   7.4334745e-03
   1.1273911e-02
   1.3856202e-02
   8.0375425e-05
   1.0962908e-03
   1.4537072e-02
   1.6799145e-02
   1.0422851e-02
   1.3169219e-02
   1.4846850e-02
   1.5303786e-02
   1.2651760e-02
   1.2173238e-02
   1.4971717e-02
   1.4321520e-02
   1.0233590e-02
   1.4105139e-02
   9.8500483e-03
   1.2257389e-02
   1.3432756e-02
   1.5733667e-02
   1.4319175e-02
   1.3851127e-02
   1.0157144e-02
   1.4006929e-02
   1.0668904e-02
   1.2631406e-02
   3.3902812e-03
   8.1923568e-03
   8.5540084e-03
   1.9203835e-03
   1.1490572e-03
   7.2628613e-03
   8.8984319e-03
   1.1805124e-02
   1.1475847e-02
   1.3588916e-02
   5.7322615e-03
   4.3867316e-05
   1.6371388e-02
   1.4868482e-02
   1.7078772e-02
   1.3043908e-02
   1.7719141e-02
   1.6993275e-02
   1.1362828e-02
   1.2022998e-02
   1.2981411e-02
   1.3640859e-02
   4.3867316e-05
   1.1800577e-02
   1.4010244e-02
   1.2169140e-02
   1.4931741e-02
   1.8438987e-02
   1.5532988e-02
   1.4558944e-02
   1.3689025e-02
   1.1539833e-02
   1.5625386e-02
   1.6993275e-02
   1.2222016e-02
   1.8516568e-02
   1.3186555e-02
   4.3867316e-05
   1.2831509e-02
   1.8056267e-02
   1.3753946e-02
   1.2524344e-02
   8.8246093e-03
   1.1623494e-02
   1.3407670e-02
   1.3806135e-02
   1.1182490e-02
   8.0375425e-05
   1.3089701e-02
   1.4418627e-02
   1.4399177e-02
   1.3907152e-02
   1.5711561e-02
   1.6312142e-02
   1.5034564e-02
   4.8950640e-03
   1.4561728e-02
   1.4300384e-02
   1.1142752e-02
   1.4832978e-02
   1.2996170e-02
   1.3568025e-02
   1.3835576e-02
   7.5263668e-03
   1.1526549e-02
   1.2425252e-02
   1.0610568e-02
   1.3929022e-02
   1.3956435e-02
   1.4557269e-02
   1.2552972e-02
   1.3552593e-02
   1.0174772e-02
   1.3390042e-02
   1.3316437e-02
   1.6312285e-02
   1.4860807e-02
   1.3622137e-02
   1.4255895e-02
   1.6369958e-02
   2.0391157e-02
   1.0664896e-02
   1.5772673e-02
   1.5674527e-02
   1.3635102e-02
   1.1798628e-02
   1.1177574e-02
   1.3547417e-02
   1.4288069e-02
   2.0089698e-02
   1.2692093e-02
   1.0808881e-09
   2.2286400e-02
   1.2265424e-02
   1.2429845e-02
   1.4595835e-02
   1.5595747e-02
   1.5344454e-02
   7.5586840e-03
   1.3073827e-02
   1.1675664e-02
   7.9427360e-03
   1.5116339e-02
   1.2501288e-02
   1.0723778e-02
   1.3438351e-02
   7.0402063e-03
   1.6993275e-02
   1.3400299e-02
   1.1991910e-02
   9.8714994e-03
   1.0242996e-02
   6.5066356e-04
   1.7008395e-02
   1.6746943e-02
   1.5395167e-02
   1.2018676e-02
   1.4069559e-02
   1.2574483e-02
   1.9781686e-02
   1.2557493e-02
   1.5198867e-02
   1.3933964e-02
   1.3672785e-02
   1.3222030e-02
   1.4866742e-02
   1.3232784e-02
   1.4799757e-02
   1.5335165e-02
   1.1922967e-02
   1.3874697e-02
   1.4862017e-02
   1.3355160e-02
   1.2360672e-02
   1.5037794e-02
   1.5108752e-02
   1.5523420e-02
   1.3071150e-02
   1.4305781e-02
   1.2674665e-02
   1.7438674e-02
   1.3826963e-02
   9.7303435e-03
   9.7414823e-05
   7.6151111e-03
   1.2032771e-02
   1.2009344e-02
   1.3521166e-02
   1.3207203e-02
   1.3065834e-02
   8.3645967e-03
   1.0454792e-02
   1.4497801e-02
   1.2670848e-02
   1.7537031e-02
   1.4257533e-02
   1.3017498e-02
   9.9166184e-03
   1.3861330e-02
   8.8675144e-03
   1.3571821e-02
   9.2963463e-04
   7.8467039e-03
   1.1337632e-02
   1.3281295e-02
   1.5216446e-02
   1.2845766e-02
   1.5334872e-02
   1.3245783e-02
   1.1737504e-02
   1.1795208e-02
   1.4129175e-02
   1.2917266e-02
   1.1980893e-02
   1.3426677e-02
   1.4318829e-02
   2.2626864e-02
   1.2984627e-02
   1.4251209e-02
   1.6566160e-02
   1.3531082e-02
   8.7258487e-03
   1.4153204e-02
   1.6861124e-02
   1.2659021e-02
   1.7442131e-02
   1.5520436e-02
   1.5464305e-02
   1.4244280e-02
   5.0072238e-03
   1.1784054e-02
   1.3420084e-02
   1.4979055e-02
   1.3247562e-02
   1.2041776e-02
   1.5661249e-02
   2.8065890e-03
   1.2683830e-02
   1.3480298e-02
   1.3986846e-02
   5.4974190e-03
   9.0225811e-03
   1.1820607e-02
   1.3647854e-02
   1.2956966e-02
   1.0510316e-02
   1.2557976e-02
   9.8636012e-03
   1.3057560e-02
   1.5685522e-02
   1.4670416e-02
   1.5048301e-02
   1.5391492e-02
   1.5576057e-02
   1.3828601e-02
   1.5219776e-02
   1.3635903e-02
   1.2721827e-02
   1.3260052e-02
   6.7668517e-03
   1.4768262e-02
   1.3455969e-02
   1.4147895e-02
   1.4242231e-02
   1.1101684e-02
   1.1022087e-02
   1.3307891e-02
   1.4695873e-02
   1.4535193e-02
   1.0308887e-02
   1.4218586e-01
   9.0689504e-03
   3.6173243e-03
   1.2183857e-02
   1.4252187e-02
   9.7414823e-05
   1.3586686e-02
   9.3308565e-03
   1.6361032e-02
   1.6052907e-02
   1.8955193e-02
   1.1556132e-02
   1.7056829e-02
   1.0706312e-02
   1.3708479e-02
   1.4978621e-02
   1.0865599e-02
   2.6503061e-03
   1.3099723e-02
   1.9610055e-02
   9.7414823e-05
   1.3247682e-02
   1.2938816e-02
   1.4077966e-02
   1.3126662e-02
   1.4496117e-02
   8.4608975e-03
   1.2497040e-02
   1.3988420e-02
   1.1495807e-02
   1.4962912e-02
   1.4154712e-02
   1.4999519e-02
   1.2625989e-02
   1.4667397e-02
   1.7079290e-02
   1.3913176e-02
   1.0930557e-02
   8.9605065e-03
   1.3695920e-02
   1.1608241e-02
   1.2555339e-02
   1.1095988e-02
   1.2810586e-02
   1.3767724e-02
   1.1955330e-02
   1.4671831e-03
   9.6397551e-03
   1.4671831e-03
   1.4671831e-03
   6.2995275e-03
   2.3812301e-03
   1.6249311e-02
   1.1525613e-02
   1.4244797e-02
   1.0259696e-02
   1.0175150e-02
   9.9689267e-03
   1.4863406e-02
   1.7202322e-02
   7.6789486e-03
   5.9148132e-03
   1.4170174e-02
   1.3622656e-02
   1.2739083e-02
   1.0161221e-02
   1.2073665e-02
   1.0204180e-02
   9.2649290e-03
   1.2649042e-02
   1.5909614e-02
   5.8032370e-03
   3.3388735e-02
   1.1594912e-02
   1.4159076e-02
   1.3628077e-02
   1.3888489e-02
   1.0303362e-02
   1.1655867e-02
   7.4827942e-03
   9.7414823e-05
   5.4693299e-03
   1.4965572e-02
   1.0035732e-02
   1.6596810e-02
   6.5066356e-04
   1.7363202e-02
   5.4693299e-03
   1.3363000e-02
   1.1155899e-02
   1.4523042e-02
   1.1944859e-02
   1.2308162e-02
   1.4021157e-02
   1.3886039e-02
   1.1690806e-02
   1.2797973e-02
   1.5786284e-02
   5.3920816e-03
   1.9049178e-02
   1.4318773e-02
   1.7131660e-02
   1.2951992e-02
   1.1984472e-02
   1.4156619e-02
   1.1895466e-02
   1.4872535e-02
   1.4055612e-02
   1.2256265e-02
   1.3030353e-02
   1.6374762e-02
   1.7353066e-02
   9.7711180e-03
   1.3925142e-02
   4.3820897e-03
   1.1323818e-02
   9.8571177e-03
   7.9094135e-03
   3.0066192e-03
   1.4758920e-02
   9.8518683e-03
   1.4360441e-02
   1.6993275e-02
   1.1611113e-02
   1.4986020e-02
   1.1637063e-02
   1.4247083e-02
   7.1049419e-03
   1.1700584e-02
   1.0914266e-02
   1.4841758e-02
   1.3599392e-02
   1.2505485e-02
   2.9526475e-03
   2.9526475e-03
   3.0066192e-03
   1.2149107e-02
   1.3514927e-02
   4.9964188e-03
   1.3329451e-02
   1.2643653e-02
   1.3240376e-02
   1.3655460e-02
   1.2921568e-02
   1.3490714e-02
   1.4870507e-02
   1.2479824e-02
   1.3641592e-02
   1.3136413e-02
   1.0578294e-02
   1.2899390e-02
   1.2702884e-02
   1.3063450e-02
   1.5122891e-02
   1.6993275e-02
   1.3373979e-02
   8.0375425e-05
   1.0836749e-02
   1.3671000e-02
   2.2569248e-02
   2.0237710e-02
   7.3921913e-03
   1.3269104e-02
   1.4595008e-02
   1.1693775e-02
   1.3450819e-02
   1.2472820e-02
   1.3870979e-02
   1.6345438e-02
   1.3201357e-02
   7.3668562e-03
   1.4935656e-02
   1.0630001e-02
   1.4833828e-02
   1.0129579e-02
   1.4476714e-02
   1.7817518e-02
   1.3477243e-02
   1.2625647e-02
   1.4810840e-02
   9.9431654e-03
   1.3469887e-02
   1.3611514e-02
   1.0627427e-02
   2.6002885e-03
   1.0852908e-02
   1.2708592e-01
   2.1228899e-02
   9.6714766e-03
   1.1614672e-02
   2.9256348e-05
   1.2677354e-02
   1.1525504e-02
   1.0350514e-02
   1.3066809e-02
   1.3080506e-02
   1.0461936e-02
   1.9849946e-02
   1.9788800e-05
   1.7218278e-02
   1.4913245e-02
   1.2732529e-02
   1.5966625e-02
   1.6555705e-02
   1.3910699e-02
   1.4957323e-02
   1.4459833e-02
   1.5432468e-02
   1.1239958e-02
   1.4289230e-02
   1.4836363e-02
   1.4608791e-02
   8.2784921e-03
   1.4555561e-02
   1.5168492e-02
   1.6624558e-02
   1.4811838e-02
   1.4434455e-02
   1.0623532e-02
   1.2921461e-02
   1.2395316e-02
   1.3149880e-02
   1.4260525e-02
   1.2182762e-02
   1.3241152e-02
   2.0855374e-02
   1.3331639e-02
   1.4029679e-02
   1.2463138e-02
   1.0793140e-02
   1.3472239e-02
   1.1248765e-02
   1.4219348e-02
   1.1613793e-02
   1.2589098e-02
   1.3721302e-02
   1.1495783e-02
   1.5079864e-02
   1.3737230e-02
   1.4792690e-02
   1.3313116e-02
   1.3397342e-02
   1.3364278e-02
   1.5767618e-02
   1.2960239e-02
   1.0266526e-02
   1.2429120e-02
   1.4012270e-02
   8.0112232e-03
   1.2421355e-02
   1.0184008e-02
   1.2301703e-02
   1.2900791e-02
   1.2554369e-02
   1.0808881e-09
   8.4676177e-03
   1.7433516e-02
   1.2752184e-02
   7.9760885e-03
   1.3976207e-02
   1.2329583e-02
   1.6562304e-02
   1.1849228e-02
   1.2413303e-02
   1.5083310e-02
   1.4983271e-02
   1.2815142e-02
   1.4154098e-02
   1.3606184e-02
   1.4999062e-02
   1.3400732e-02
   1.2332098e-02
   1.2930462e-02
   9.0092408e-03
   1.9456259e-02
   1.3301519e-02
   1.6518671e-02
   1.4863146e-02
   1.2834305e-02
   1.2199911e-02
   1.2355966e-02
   1.1769628e-02
   1.1494652e-02
   9.8418677e-03
   1.6254016e-02
   1.3200454e-02
   1.3179806e-02
   1.6190672e-02
   1.4469019e-02
   1.6799407e-02
   4.8582972e-03
   9.5741576e-03
   1.3842279e-02
   1.4614768e-02
   1.4165035e-02
   8.8910697e-03
   1.2136098e-02
   9.9042657e-03
   1.3128955e-02
   9.4762415e-03
   3.4717262e-04
   6.5066356e-04
   1.2490206e-02
   1.6993275e-02
   1.4053128e-02
   8.7376370e-03
   1.3356537e-02
   1.1145573e-02
   1.4173506e-02
   1.3883520e-02
   1.2170103e-02
   8.9954810e-03
   1.2193576e-02
   1.5598362e-02
   1.3796978e-02
   1.1407638e-02
   1.2061596e-02
   1.4851587e-02
   1.2565876e-02
   1.3217652e-02
   1.1915999e-02
   1.2890855e-02
   1.1857329e-02
   1.2256559e-02
   1.0609387e-02
   1.3532835e-02
   1.3605278e-02
   1.0525273e-02
   1.5012449e-02
   1.1687903e-02
   1.6199008e-02
   1.3015314e-02
   1.2584830e-02
   1.9203835e-03
   1.1085492e-02
   1.9203835e-03
   1.0599580e-02
   1.1944750e-02
   1.0125912e-02
   1.3088496e-02
   1.1903212e-02
   9.9551693e-03
   1.0724721e-02
   1.2512164e-02
   1.2024335e-02
   1.0962908e-03
   1.3138442e-02
   1.6186817e-02
   7.6630885e-03
   1.0659253e-02
   1.2929321e-02
   1.1395295e-02
   1.1048044e-02
   1.8034118e-02
   1.4181461e-02
   1.2479244e-02
   1.3631120e-02
   1.4227638e-02
   1.3322270e-02
   1.1825083e-02
   1.1475131e-02
   1.5187643e-02
   1.2934962e-02
   1.3454705e-02
   1.4461227e-02
   1.2779391e-02
   1.4843653e-02
   1.0007191e-02
   1.6774751e-02
   1.2603030e-02
   1.0076543e-02
   1.3579058e-02
   1.1391343e-02
   1.1302438e-02
   9.4300750e-03
   1.3933683e-02
   2.2732036e-02
   1.1902289e-02
   1.4365302e-02
   1.3754258e-02
   1.5733859e-02
   1.1169896e-02
   8.2691037e-03
   9.7143631e-03
   1.3128463e-02
   1.2574692e-02
   1.0962908e-03
   2.1561019e-03
   1.0332820e-02
   1.3039623e-02
   1.9203835e-03
   9.3836316e-03
   1.0424877e-02
   1.0029988e-02
   1.0962908e-03
   5.1005861e-03
   1.1178206e-02
   1.2282739e-02
   8.9340964e-03
   1.1176235e-02
   2.1053230e-03
   7.1823211e-03
   1.0962908e-03
   1.4923585e-02
   1.4151200e-02
   1.1330163e-02
   1.3179509e-02
   1.4626642e-02
   1.4076711e-02
   1.0033321e-02
   1.5453303e-02
   1.5561937e-02
   1.2076103e-02
   1.0250017e-02
   1.4773110e-02
   1.1941928e-02
   1.2458057e-02
   1.1697249e-02
   1.1740712e-02
   1.4195737e-02
   1.4400962e-02
   1.3031513e-02
   1.3640211e-02
   1.6684912e-02
   1.1257676e-02
   1.1765007e-02
   1.2174350e-02
   1.0341745e-02
   1.2779815e-02
   1.3420791e-02
   1.3031565e-02
   1.3550074e-02
   1.2509033e-02
   1.4624953e-02
   1.3771382e-02
   8.2295970e-03
   1.1631224e-02
   6.5066356e-04
   1.1706986e-02
   1.4837619e-02
   1.2605378e-02
   1.4061778e-02
   1.3522151e-02
   1.2854817e-02
   9.7414823e-05
   1.7451311e-02
   1.2947187e-02
   1.4882907e-02
   1.3282980e-02
   1.4844473e-02
   2.1520767e-03
   6.4700436e-03
   1.2437900e-02
   1.2409258e-02
   1.3002854e-02
   5.8032370e-03
   1.4690149e-02
   1.4062078e-02
   2.9526475e-03
   1.2458349e-02
   1.5676595e-02
   1.3442543e-02
   1.3844460e-02
   1.5768418e-02
   1.2644052e-02
   1.3200251e-02
   1.4422515e-02
   1.4583348e-02
   1.4727857e-02
   1.2191000e-02
   1.3562231e-02
   1.4670291e-02
   1.2516966e-02
   1.6418428e-02
   1.2969508e-02
   1.1907929e-02
   1.2720345e-02
   1.6043206e-02
   1.3278050e-02
   1.2314529e-02
   1.3888763e-02
   1.1976070e-02
   1.6328927e-02
   1.0680640e-02
   1.3607298e-02
   1.3176229e-02
   1.5608182e-02
   2.6503061e-03
   1.3742146e-02
   1.3811115e-02
   1.2669263e-02
   1.3814875e-02
   2.7167171e-02
   2.3744323e-02
   1.3656937e-02
   1.4236358e-02
   1.1655770e-02
   1.6555680e-02
   1.4028186e-02
   1.0664973e-02
   1.5771229e-02
   1.1731618e-02
   1.2605945e-02
   1.6605492e-02
   1.2757569e-02
   1.2069914e-02
   9.6748650e-03
   1.1208059e-02
   1.3983831e-02
   7.4962417e-03
   1.2673372e-02
   1.3930641e-02
   1.0312638e-02
   1.3393305e-02
   7.4869383e-03
   1.3540611e-02
   9.9152717e-03
   1.2296238e-02
   1.6443570e-02
   1.1801541e-02
   1.3578115e-02
   1.4667325e-02
   1.1119895e-02
   1.4732399e-02
   1.1850318e-02
   1.0406373e-02
   1.5595834e-02
   1.7769506e-02
   6.2252471e-03
   1.1490572e-03
   1.3422350e-02
   1.3780015e-02
   1.3232893e-02
   1.7511598e-02
   1.1797852e-02
   1.2885118e-02
   1.4422841e-02
   1.2368123e-02
   7.6302937e-03
   1.1627272e-02
   1.4874697e-02
   1.1843618e-02
   1.2281546e-02
   1.2207367e-02
   1.5343794e-02
   1.6024613e-02
   1.1465319e-02
   1.4721698e-02
   2.4584496e-03
   1.6455095e-02
   1.2891098e-02
   1.2179559e-02
   1.8108952e-03
   8.0994871e-03
   1.4282148e-02
   1.8108952e-03
   1.4497026e-02
   6.5444905e-03
   1.4353579e-02
   1.7849383e-02
   1.2913276e-02
   1.4218612e-02
   1.9626554e-02
   1.2814208e-02
   1.3955559e-02
   1.2311052e-02
   1.4705347e-02
   1.1522782e-02
   1.4267346e-02
   1.5512239e-02
   1.4595698e-02
   4.9235683e-03
   1.1827300e-02
   1.0472282e-02
   1.1866493e-02
   1.3129210e-02
   1.4480896e-02
   1.0816657e-02
   1.1808997e-02
   1.3409684e-02
   9.7017647e-03
   8.0375425e-05
   1.5303686e-02
   1.2200112e-02
   1.4622453e-02
   1.4194884e-02
   9.7672649e-03
   6.3188131e-03
   1.9203835e-03
   6.5066356e-04
   1.3385561e-02
   1.1818686e-02
   7.9617464e-03
   4.9669550e-03
   1.1949693e-02
   1.4653538e-02
   1.6537475e-02
   1.0433264e-02
   1.5991825e-02
   1.3702963e-02
   1.2000513e-02
   1.4551251e-02
   1.2957800e-02
   1.4832407e-02
   1.3426765e-02
   1.3125096e-02
   1.2527165e-02
   1.2725032e-02
   1.2349387e-02
   1.7464986e-02
   1.7806020e-02
   1.3711870e-02
   2.1594735e-02
   1.3853445e-02
   1.2437970e-02
   1.2106336e-02
   1.1255690e-02
   1.3329687e-02
   1.2282362e-02
   1.2329202e-02
   1.0407003e-02
   1.1792007e-02
   1.4539283e-02
   1.3549461e-02
   1.8351740e-02
   1.2183448e-02
   2.4231639e-04
   1.0962908e-03
   1.5134717e-02
   9.0328381e-03
   4.8991850e-03
   1.1115138e-02
   1.9203835e-03
   2.4231639e-04
   1.4800932e-02
   7.6301955e-03
   9.7903266e-03
   1.2018725e-02
   9.8196656e-03
   4.7892941e-03
   7.6294097e-03
   1.2708592e-01
   1.2930356e-02
   7.5091140e-03
   1.4373164e-02
   1.2708592e-01
   1.5619376e-02
   1.3927840e-02
   1.3374593e-02
   1.2180801e-02
   1.1162283e-02
   4.3383905e-03
   1.2150207e-02
   1.5698257e-02
   1.1787977e-02
   1.4119165e-02
   1.3627688e-02
   1.1703679e-02
   1.2692724e-02
   1.4645385e-02
   1.1527031e-02
   6.2187467e-03
   1.5321807e-02
   1.1918263e-02
   1.8105243e-02
   1.4762029e-02
   1.0699367e-02
   1.3083060e-02
   1.2762067e-02
   1.3863298e-02
   1.4249767e-02
   1.2090573e-02
   8.6642568e-03
   1.0212644e-02
   1.3696490e-02
   3.6173243e-03
   1.0223647e-02
   1.4058817e-02
   9.6774587e-03
   8.5190321e-03
   1.2070139e-02
   1.3225568e-02
   1.0801824e-02
   1.2827386e-02
   1.1947967e-02
   1.2234115e-02
   1.6289428e-02
   1.0124544e-02
   1.0821397e-02
   1.3388792e-02
   1.0212496e-02
   1.2469090e-02
   1.0764293e-02
   1.0788307e-02
   9.7513033e-03
   1.3995345e-02
   1.5284906e-02
   1.4988305e-02
   1.3679228e-02
   1.1061675e-02
   9.7330911e-03
   1.5400357e-02
   1.4420158e-02
   9.8636012e-03
   1.1525911e-02
   1.0604074e-02
   1.2364323e-02
   1.2017128e-02
   1.3705724e-02
   1.4971232e-02
   1.5087449e-02
   1.1464127e-02
   1.4630850e-02
   1.1881202e-02
   1.4504259e-02
   1.7068691e-02
   1.4030277e-02
   1.1663058e-02
   1.9656977e-02
   1.3008163e-02
   1.1594613e-02
   1.2850718e-02
   1.6776898e-02
   1.2368503e-02
   9.5527525e-03
   1.1907059e-02
   1.0302976e-02
   1.2655461e-02
   7.7348698e-03
   1.5694658e-02
   1.4435588e-02
   1.4396879e-02
   5.5126055e-03
   1.0093764e-02
   1.2104015e-02
   5.4655682e-03
   7.0131586e-03
   1.5124919e-02
   1.3735243e-02
   7.2036897e-03
   1.4480870e-02
   1.4636958e-02
   3.6173243e-03
   1.1091065e-02
   1.6611099e-02
   8.3090539e-03
   4.9964188e-03
   7.8733834e-03
   1.2153491e-02
   1.2179376e-02
   1.4118263e-02
   8.5079697e-03
   1.4562617e-02
   7.5719123e-03
   1.1428252e-02
   1.0773039e-02
   1.1690647e-02
   1.4597023e-02
   7.8497895e-03
   9.3683524e-03
   1.2995728e-02
   1.4462717e-02
   1.3195501e-02
   1.3081545e-02
   9.9976738e-03
   1.2795109e-02
   9.4417079e-03
   1.3427675e-02
   1.0238107e-02
   1.3676925e-02
   1.1510218e-02
   9.3972997e-03
   1.1318928e-02
   1.5644899e-02
   1.3789070e-02
   1.0962908e-03
   1.2825091e-02
   1.3463807e-02
   1.1187623e-02
   1.4155259e-02
   1.4392880e-02
   1.4440520e-02
   1.5982743e-02
   1.1487116e-02
   1.4340161e-02
   1.5091308e-02
   1.4686751e-02
   1.3818646e-02
   1.3185751e-02
   1.4399031e-02
   9.8096674e-03
   1.5974400e-02
   1.3552001e-02
   9.9958155e-03
   1.3170130e-02
   1.2001074e-02
   1.5168803e-02
   1.1820456e-02
   1.6865073e-02
   1.3701985e-02
   1.0297258e-02
   1.6390427e-02
   1.5416537e-02
   1.3471388e-02
   1.1609360e-02
   1.4228261e-02
   7.0342648e-03
   2.5888384e-03
   3.7275631e-03
   1.6993275e-02
   2.5888384e-03
   1.6993275e-02
   1.0962908e-03
   5.8562930e-03
   1.3397391e-02
   1.1473750e-02
   1.4339394e-02
   8.7291534e-03
   7.1049419e-03
   1.1008126e-02
   4.9110254e-03
   1.3908517e-02
   1.2580644e-02
   1.2889960e-02
   4.9110254e-03
   1.4415628e-02
   1.0965077e-02
   5.0916660e-03
   1.9925682e-03
   1.2694342e-02
   1.3000560e-02
   2.1053230e-03
   7.8225824e-03
   2.1053230e-03
   2.1647957e-03
   1.4671831e-03
   1.3073113e-02
   1.2706325e-02
   1.1536886e-02
   1.5408698e-02
   1.5283428e-02
   1.3005943e-02
   1.4034886e-02
   1.4348760e-02
   1.2061456e-02
   1.5843106e-02
   1.5725186e-02
   1.2550049e-02
   1.5002260e-02
   1.0512928e-02
   1.5650711e-02
   1.4205806e-02
   1.0174430e-02
   1.3249883e-02
   1.3198410e-02
   1.1970573e-02
   1.2667811e-02
   1.6368356e-02
   1.4773038e-02
   9.1073206e-03
   1.7107548e-02
   1.4422158e-02
   1.7294118e-02
   6.5066356e-04
   9.6165247e-03
   1.1033302e-02
   1.2055731e-02
   1.4000875e-02
   6.7616710e-03
   1.4584000e-02
   5.7890967e-03
   1.2227672e-02
   7.7094482e-03
   1.1423287e-02
   1.1294482e-02
   1.5642536e-02
   1.6092405e-02
   1.3903553e-02
   1.5353064e-02
   6.5066356e-04
   1.2990727e-02
   9.8419781e-03
   8.7179309e-03
   6.5066356e-04
   1.1556810e-02
   6.5906263e-03
   1.4073817e-02
   1.4450281e-02
   6.5066356e-04
   1.5232760e-02
   5.9119584e-03
   1.5693884e-02
   1.1287635e-02
   1.5645319e-02
   6.2605354e-03
   9.5592804e-03
   1.3189359e-02
   1.3386758e-02
   9.9609228e-03
   1.2071040e-02
   8.8176002e-03
   1.3738948e-02
   9.5528145e-03
   1.2772727e-02
   1.2621318e-02
   1.2242994e-02
   1.0962908e-03
   1.2966337e-02
   1.5220584e-02
   1.5588328e-02
   1.6133733e-02
   1.3472945e-02
   1.5177695e-02
   1.6272144e-02
   1.4342646e-02
   1.5667073e-02
   1.1979255e-02
   1.2536474e-02
   1.0998091e-02
   1.2009103e-02
   1.4873482e-02
   1.4574505e-02
   1.2704482e-02
   1.1275973e-02
   1.3566730e-02
   1.3128717e-02
   1.7565484e-02
   1.3643870e-02
   1.2880097e-02
   9.5525771e-03
   9.8169255e-03
   1.4589909e-02
   1.5238254e-02
   9.4923610e-03
   1.1652951e-02
   1.1844043e-02
   1.1992103e-02
   1.0883520e-02
   5.9832454e-03
   1.0111752e-02
   1.4571900e-02
   9.3550187e-03
   1.4571728e-02
   6.5066356e-04
   1.4220382e-02
   1.3912041e-02
   1.0101921e-02
   1.3978653e-02
   1.1565651e-02
   1.6517450e-02
   1.8525295e-02
   1.4444061e-02
   5.4831895e-03
   1.5070898e-02
   1.0581406e-02
   1.2401279e-02
   1.2708592e-01
   1.5529486e-02
   1.7630827e-02
   1.7602916e-02
   1.3656516e-02
   1.0324515e-02
   9.9271105e-03
   1.5417847e-02
   1.4967854e-02
   1.0939251e-02
   1.3369439e-02
   2.4038307e-03
   1.0247665e-02
   1.1361617e-02
   1.5549419e-02
   1.2667824e-02
   2.8892799e-06
   4.9964188e-03
   2.4038307e-03
   1.2429915e-02
   1.2474764e-02
   1.4385273e-02
   1.6388982e-02
   1.0869982e-02
   1.4142474e-02
   1.3919511e-02
   1.6732316e-02
   1.5566065e-02
   1.4332055e-02
   1.2533742e-02
   1.4833151e-02
   1.2793213e-02
   1.2405001e-02
   8.6934583e-03
   1.4408383e-02
   1.3536770e-02
   1.6993275e-02
   1.2428582e-02
   1.3490389e-02
   9.7339646e-03
   5.2405511e-03
   1.5919227e-02
   1.6023143e-02
   1.8478039e-10
   1.2047604e-02
   1.2494857e-02
   1.3446483e-02
   1.5847963e-02
   1.4860966e-02
   1.1912230e-02
   1.0227643e-02
   1.4077258e-02
   1.2799922e-02
   1.9214445e-02
   1.0962908e-03
   1.8461973e-02
   1.0037352e-02
   1.3302002e-02
   1.3107881e-02
   4.0241234e-03
   1.0962908e-03
   1.4592903e-02
   1.3684373e-02
   1.4996708e-02
   1.5723390e-02
   1.4165862e-02
   1.4622769e-02
   1.5014510e-02
   1.2745577e-02
   1.2814531e-02
   7.0131586e-03
   9.2897942e-03
   1.5886730e-02
   1.3449698e-02
   1.2538908e-02
   1.9758228e-02
   1.2469686e-02
   1.4817798e-02
   1.6084987e-02
   1.7391270e-02
   1.1947247e-02
   1.6993275e-02
   1.2108315e-02
   1.0857732e-02
   1.2399310e-02
   1.2232214e-02
   1.0977684e-02
   1.4641272e-02
   1.2910684e-02
   8.6052762e-03
   9.9171984e-08
   1.4437283e-02
   1.7182771e-02
   1.2858745e-02
   1.1962166e-02
   1.6385581e-05
   9.9171984e-08
   1.6663997e-02
   1.4979366e-02
   1.2069073e-02
   1.6385581e-05
   9.9171984e-08
   1.1315924e-02
   1.3506016e-02
   8.3001841e-03
   1.4929453e-02
   1.1015523e-02
   1.3634112e-02
   1.2608743e-02
   1.0536856e-02
   1.0732436e-02
   2.0414844e-02
   1.1367068e-02
   1.5160376e-02
   1.1469694e-02
   9.0889025e-03
   1.4024341e-02
   1.1621294e-02
   1.3333258e-02
   1.6993275e-02
   1.2428510e-02
   9.3040305e-03
   1.6394536e-02
   2.1566650e-02
   1.2984449e-02
   1.5296506e-02
   1.5049025e-02
   1.1037101e-02
   1.6379567e-02
   1.6025507e-02
   1.6203554e-02
   1.1361138e-02
   1.4205850e-02
   3.4215711e-03
   9.5818131e-03
   1.3994329e-02
   6.5066356e-04
   1.4209490e-02
   4.1052430e-03
   1.6296579e-02
   9.2065024e-03
   1.5968137e-02
   1.2658968e-02
   2.0258268e-02
   1.2941134e-02
   1.5494228e-02
   7.9956614e-03
   1.3545565e-02
   1.3064927e-02
   1.1768015e-02
   1.0778085e-02
   1.6993275e-02
   1.3001130e-02
   1.3956922e-02
   1.7864164e-02
   1.4807816e-02
   9.3224921e-03
   1.7940061e-02
   1.5529164e-02
   1.1790670e-02
   1.0837527e-02
   3.3509191e-03
   1.2568558e-02
   1.4711698e-02
   1.3637156e-02
   1.2296160e-02
   1.0179794e-02
   1.3208335e-02
   1.6428151e-02
   1.7271116e-02
   1.1789936e-02
   1.4280561e-02
   1.9810568e-04
   1.1632945e-02
   1.0118734e-02
   1.8394903e-02
   1.7528668e-02
   1.5280147e-02
   1.1558407e-02
   1.6687265e-02
   1.5984964e-02
   6.5066356e-04
   1.2907185e-02
   1.2866697e-02
   1.4831954e-02
   1.2782849e-02
   9.6638141e-03
   1.3747451e-02
   1.5381107e-02
   1.4066669e-02
   1.6214013e-02
   1.1901732e-02
   1.7931437e-02
   9.2105703e-03
   9.2326900e-03
   1.5647930e-02
   1.3757951e-02
   1.3922171e-02
   1.5104071e-02
   1.3689059e-02
   1.1852972e-02
   1.4828134e-02
   1.3023990e-02
   1.3027944e-02
   1.1973295e-02
   1.5400048e-02
   1.4496793e-02
   1.4834486e-02
   1.4256338e-02
   1.4970159e-02
   1.3229524e-02
   1.1636367e-02
   1.6105357e-02
   1.3462480e-02
   1.2878788e-02
   1.5360759e-02
   1.3011995e-02
   1.2049293e-02
   1.3600151e-02
   1.3827830e-02
   7.1182131e-03
   1.2508987e-02
   1.3368263e-02
   1.4874730e-02
   1.2350709e-02
   1.3352037e-02
   1.2606548e-02
   1.3563285e-02
   1.3495132e-02
   1.4081292e-02
   1.0177738e-02
   1.7132928e-02
   1.3639818e-02
   9.8196656e-03
   1.3285591e-02
   1.3878511e-02
   1.5657247e-02
   1.4897242e-02
   1.3608759e-02
   1.3475958e-02
   1.4695200e-02
   1.5325170e-02
   1.1864903e-02
   1.3783433e-02
   1.0778331e-02
   1.3535166e-02
   1.4697709e-02
   1.3158287e-02
   1.4877680e-02
   1.2184682e-02
   1.3630170e-02
   1.1841116e-02
   8.9916801e-03
   1.3455110e-02
   7.0832428e-03
   1.3241917e-02
   1.7326225e-02
   7.0895836e-06
   1.3873861e-02
   1.5826124e-02
   1.3517472e-02
   9.0190557e-03
   1.2310319e-02
   1.4024007e-02
   1.2616056e-02
   1.2634235e-02
   1.4136999e-02
   1.1905668e-02
   1.2430052e-02
   1.1455511e-02
   7.0895836e-06
   1.5093469e-02
   1.0098486e-02
   1.3326167e-02
   1.5509636e-02
   1.2197137e-02
   1.2924791e-02
   1.3062782e-02
   1.2442002e-02
   1.2254202e-02
   1.2814083e-02
   1.0882841e-02
   1.3494614e-02
   1.4309536e-02
   1.5731333e-02
   1.3552790e-02
   1.0603452e-02
   7.3729130e-03
   8.8683744e-03
   1.4269492e-02
   1.3665001e-02
   1.5024459e-02
   1.1091231e-02
   1.2421390e-02
   1.9166806e-04
   1.5620893e-02
   9.2803518e-03
   1.2213461e-02
   1.1887365e-02
   4.3383905e-03
   1.2441919e-02
   1.2541102e-02
   1.4436545e-02
   7.8153624e-03
   1.3819364e-02
   1.9166806e-04
   1.5524987e-03
   1.1608755e-02
   1.3996096e-02
   1.7118427e-02
   1.2730706e-02
   1.1702668e-02
   1.5835881e-02
   1.3835459e-02
   1.2448833e-02
   1.5426851e-02
   1.0725060e-02
   1.5046859e-02
   1.2278138e-02
   1.4050837e-02
   1.3841614e-02
   1.2147876e-02
   1.5627596e-02
   2.0879706e-02
   7.9661753e-03
   1.7909265e-02
   1.4086808e-02
   1.2219975e-02
   1.5179291e-02
   1.4079392e-02
   1.2645500e-02
   1.2384127e-02
   1.4053168e-02
   1.4570724e-02
   1.2383953e-02
   9.6320446e-03
   1.2264485e-02
   1.2879333e-02
   1.3730125e-02
   1.1802043e-02
   1.1387719e-02
   1.4140905e-02
   1.4835422e-02
   1.2609482e-02
   1.2915891e-02
   1.3884105e-02
   1.8262418e-02
   1.4369886e-02
   1.3528317e-02
   1.4269131e-02
   1.3836643e-02
   6.5066356e-04
   1.6023589e-02
   1.1784874e-02
   1.3447194e-02
   1.3615350e-02
   1.4218586e-01
   1.4886526e-02
   1.3978726e-02
   8.5225514e-03
   1.6673015e-02
   1.2486203e-02
   8.5987229e-03
   1.5606784e-02
   1.5775281e-02
   1.4196970e-02
   1.4739290e-02
   1.5177550e-02
   1.4931062e-02
   1.5350864e-02
   1.5524987e-03
   1.0187018e-02
   1.0448006e-02
   1.5564329e-02
   8.3978465e-03
   1.3623436e-02
   9.6439461e-03
   1.3569748e-02
   6.5590651e-03
   9.2214828e-03
   1.5757911e-02
   1.6993275e-02
   1.4352158e-02
   1.1781062e-02
   5.5507416e-03
   9.3951138e-03
   1.4447988e-02
   1.4495693e-02
   7.1169986e-04
   1.6085123e-02
   1.3946432e-02
   1.4190481e-02
   2.6002885e-03
   1.5765414e-02
   1.0001696e-02
   9.4293607e-03
   1.2233962e-02
   1.6053101e-02
   1.9810568e-04
   1.3404110e-02
   1.3897979e-02
   1.4873958e-02
   1.3993775e-02
   1.5004999e-02
   4.4645574e-04
   5.5152283e-03
   1.1421493e-02
   1.5497028e-02
   1.2444418e-02
   8.5332995e-03
   1.4282302e-02
   6.5066356e-04
   1.4725776e-02
   5.0072238e-03
   1.6993275e-02
   6.2187467e-03
   1.2385101e-02
   1.5524987e-03
   5.4752085e-03
   1.0433629e-02
   1.6061366e-02
   1.1952630e-02
   1.6790802e-02
   2.1124067e-02
   9.2372840e-03
   1.3302878e-02
   1.3879255e-02
   8.2210971e-03
   1.4467569e-02
   1.2875650e-02
   1.1770341e-02
   1.5664826e-02
   2.4284387e-02
   1.1947994e-02
   1.2446084e-02
   1.2833098e-02
   1.2456587e-02
   5.4255870e-03
   1.1163069e-02
   1.5612837e-02
   4.1345340e-03
   1.2979190e-02
   1.2866778e-02
   4.9964188e-03
   1.1738138e-02
   1.3796196e-02
   1.3062203e-02
   1.2771488e-02
   1.3380712e-02
   1.2201999e-02
   1.4604457e-02
   5.4822440e-03
   1.3122171e-02
   9.2603184e-03
   1.6993275e-02
   5.7126023e-05
   7.7567227e-03
   1.9272944e-02
   5.3918841e-09
   1.6144523e-02
   5.3918841e-09
   1.6688114e-02
   1.0279928e-04
   1.1025795e-02
   1.0279928e-04
   1.0337191e-02
   5.7126023e-05
   5.3918841e-09
   2.1053230e-03
   1.3568786e-02
   9.9734917e-03
   1.4840844e-02
   1.3969999e-02
   1.5694771e-02
   1.5919139e-02
   2.1520767e-03
   1.5719604e-02
   1.1916048e-02
   1.0199885e-02
   1.2607649e-02
   1.5365709e-02
   1.1821944e-02
   1.4910036e-02
   1.6140843e-02
   1.4262436e-02
   1.4068160e-02
   9.9471343e-03
   1.3874139e-02
   1.0444232e-02
   6.4216767e-03
   1.4247012e-02
   1.3115669e-02
   1.4586127e-02
   1.4813177e-02
   1.1043948e-02
   1.3746295e-02
   1.5918826e-02
   1.1158799e-02
   1.2013527e-02
   1.3010357e-02
   1.2680059e-02
   1.0370288e-02
   1.4124120e-02
   1.5714026e-02
   1.0249703e-02
   1.0660962e-02
   1.0981087e-02
   1.6036927e-02
   1.3390673e-02
   1.0700861e-02
   1.2169949e-02
   1.3746439e-02
   1.5779062e-02
   1.3040631e-02
   1.1936629e-02
   1.3847742e-02
   1.1312173e-02
   5.1269166e-04
   9.5062394e-03
   1.5024357e-02
   5.1269166e-04
   1.2000344e-02
   1.3801269e-02
   1.1671013e-02
   1.4960819e-02
   1.3875644e-02
   1.0486590e-05
   1.5155534e-02
   2.6503061e-03
   1.0486590e-05
   1.6147232e-02
   1.9444160e-02
   1.1801718e-02
   1.0231966e-02
   8.1184718e-03
   1.2420370e-02
   1.5555101e-02
   9.7800839e-03
   1.5657890e-02
   1.2335367e-02
   1.2352122e-02
   3.2921552e-02
   1.5996689e-02
   1.4710672e-02
   1.4270686e-02
   1.1929456e-02
   6.1526176e-03
   1.4416590e-02
   1.0414855e-02
   6.5066356e-04
   1.4869278e-02
   1.4820290e-02
   1.4844937e-02
   1.3006750e-02
   1.3118938e-02
   6.1526176e-03
   2.4584496e-03
   1.3579870e-02
   1.4141946e-02
   1.7783165e-02
   1.4367820e-02
   7.0170692e-03
   1.3359938e-02
   1.2065583e-02
   1.4560268e-02
   1.5211599e-02
   1.2091193e-02
   9.5943338e-03
   2.5804422e-02
   1.2839015e-02
   1.3430632e-02
   1.0321710e-02
   1.4472250e-02
   1.3832006e-02
   1.4917342e-02
   1.4114011e-02
   1.6650649e-02
   1.3902179e-02
   1.4939705e-02
   1.5737925e-02
   1.3334275e-02
   1.2951603e-02
   1.3703834e-02
   1.3701226e-02
   1.2556114e-02
   1.2559612e-02
   1.1807373e-02
   1.0819833e-02
   1.3650126e-02
   1.4687354e-02
   1.4267027e-02
   1.6551805e-02
   1.4473261e-02
   1.4319771e-02
   1.2630870e-02
   1.3580776e-02
   2.3684834e-02
   1.6122547e-02
   1.2218838e-02
   1.3030688e-02
   1.4253688e-02
   1.4306975e-02
   8.7208557e-03
   1.4202581e-02
   1.3233570e-02
   1.2195848e-02
   1.3307793e-02
   9.6561968e-03
   1.3197880e-02
   1.4908222e-02
   1.3158589e-02
   1.2106276e-02
   1.3422621e-02
   1.5485650e-02
   1.1219545e-02
   1.2077264e-02
   1.2230375e-02
   1.1637996e-02
   9.6397551e-03
   1.1864049e-02
   7.2811535e-03
   1.6993275e-02
   1.1739996e-02
   1.5823198e-02
   1.3906575e-02
   1.3243279e-02
   1.3931040e-02
   5.2454914e-03
   1.6127221e-02
   1.7589939e-02
   1.6160968e-02
   6.5066356e-04
   1.2258839e-02
   1.1551862e-02
   6.8261584e-03
   5.9821632e-03
   1.2856974e-02
   1.5533439e-02
   1.2525849e-02
   2.2424279e-02
   4.7892941e-03
   8.1075690e-03
   1.2264311e-02
   8.2698912e-03
   6.5066356e-04
   5.4822686e-03
   1.0553766e-02
   1.4931326e-02
   1.1658622e-02
   5.0518539e-03
   9.6278530e-03
   1.1915196e-02
   8.1918890e-03
   9.4784448e-03
   1.4185692e-02
   1.1228713e-02
   1.3265993e-02
   1.4193139e-02
   7.6141312e-03
   1.4025932e-02
   1.1011830e-02
   1.4999084e-02
   1.3982283e-02
   1.6993275e-02
   1.0194185e-02
   1.1077104e-02
   1.3101398e-02
   1.1583930e-02
   1.0127734e-02
   1.2039352e-02
   1.3148535e-02
   1.4422459e-02
   1.8157249e-02
   1.4491304e-02
   1.3108910e-02
   2.3812301e-03
   7.5699836e-03
   1.2029886e-02
   9.4708517e-03
   1.4874730e-02
   1.4962495e-02
   7.1689409e-03
   1.6993275e-02
   6.5066356e-04
   8.2295970e-03
   9.0696098e-03
   1.3691423e-02
   1.6993275e-02
   1.4755967e-02
   1.3257972e-02
   1.3503135e-02
   1.2955768e-02
   1.0502724e-02
   9.1163314e-03
   1.1333556e-02
   9.7394213e-03
   1.3234933e-02
   1.1682569e-02
   1.1124481e-02
   1.4002632e-02
   1.1782314e-02
   1.5992041e-02
   1.1062378e-02
   1.3564131e-02
   9.0305811e-03
   1.3215437e-02
   1.2793901e-02
   1.0008405e-02
   1.4581390e-02
   1.3819051e-02
   1.4056471e-03
   3.6776470e-03
   8.0699292e-03
   1.1019823e-02
   1.3841072e-02
   1.4799041e-02
   1.3087382e-02
   5.5916908e-04
   2.7015248e-04
   1.2269878e-02
   1.0831884e-02
   1.2642442e-02
   3.6173243e-03
   1.4251901e-02
   8.0843202e-03
   7.4869383e-03
   1.0960343e-02
   7.5377526e-03
   1.5283398e-02
   1.2996028e-02
   1.3670041e-02
   7.4033904e-03
   2.0181214e-02
   1.4153092e-02
   1.3580609e-02
   9.8290052e-03
   1.4968019e-02
   2.4969354e-02
   2.1053230e-03
   1.2474055e-02
   1.6543410e-02
   8.4468121e-03
   1.5295777e-02
   1.5917817e-02
   1.1440156e-02
   1.5778896e-02
   1.4309880e-02
   1.1676096e-02
   1.4058789e-02
   1.5223550e-02
   9.9255119e-03
   1.5511472e-02
   1.3674323e-02
   5.4974190e-03
   1.3257630e-02
   9.1748759e-03
   1.3935105e-02
   1.1280922e-02
   1.3378712e-02
   1.4736423e-02
   7.6769391e-03
   1.2366163e-02
   9.9164701e-03
   1.2942363e-02
   5.4210420e-03
   1.6993275e-02
   8.3681336e-03
   7.8208031e-03
   1.4632009e-02
   1.2354801e-02
   1.1265571e-02
   1.3386679e-02
   1.2737629e-02
   1.5686995e-02
   2.1647957e-03
   3.6173243e-03
   3.6173243e-03
   1.7365741e-02
   1.4815960e-02
   1.6131323e-02
   1.7229876e-02
   1.4665880e-02
   1.0374877e-02
   1.6331127e-02
   1.2083083e-02
   1.7075662e-02
   1.1751779e-02
   1.6778679e-02
   1.4209671e-02
   1.5473094e-02
   1.4211407e-02
   1.5508667e-02
   7.7752798e-03
   1.4741712e-02
   1.3143387e-02
   2.1292258e-02
   1.3860304e-02
   1.4707747e-02
   1.1861532e-02
   1.6094554e-02
   9.5915292e-03
   4.9693961e-03
   1.4455399e-02
   1.6356383e-02
   1.6993275e-02
   8.5800975e-03
   9.6166996e-03
   1.6005635e-02
   1.6993275e-02
   1.4160299e-02
   1.5997134e-02
   8.5796852e-03
   1.2473946e-02
   1.2186860e-02
   1.6135031e-02
   1.0398157e-02
   1.0564171e-02
   1.3040887e-02
   1.0576272e-02
   1.1354381e-02
   1.2743237e-02
   8.4488956e-03
   3.5035139e-03
   1.1066956e-02
   1.0013798e-02
   1.0762007e-02
   7.2329421e-03
   1.0153206e-02
   1.4649759e-02
   1.2456532e-02
   1.1573825e-02
   2.0795400e-02
   1.2742356e-02
   1.3909209e-02
   1.4479861e-02
   1.0072308e-02
   1.2582942e-02
   1.0980059e-02
   1.2737416e-02
   9.8107014e-03
   1.3397752e-02
   1.3516763e-02
   1.4530979e-02
   9.3390157e-03
   1.4973397e-02
   1.4075219e-02
   9.6958737e-03
   1.4151479e-02
   1.3962296e-02
   1.4340931e-02
   1.0902214e-02
   1.3999997e-02
   1.4135150e-02
   7.5834779e-03
   1.0211918e-02
   1.2278775e-02
   1.1564839e-02
   1.5208684e-02
   1.2872881e-02
   1.2645902e-02
   1.2049330e-02
   1.6181077e-02
   1.0080228e-02
   1.4382443e-02
   1.3326510e-02
   1.3595252e-02
   1.2414260e-02
   1.2177948e-02
   1.5103521e-02
   1.4400922e-02
   7.8895818e-03
   1.1957833e-02
   1.3780818e-02
   1.3527458e-02
   1.4015710e-02
   1.2415520e-02
   1.8073602e-02
   1.7853461e-02
   6.0784931e-03
   1.3345656e-02
   1.5845354e-02
   1.5334634e-02
   1.3308371e-02
   1.6974012e-02
   1.2124593e-02
   1.4000016e-02
   1.3913769e-02
   1.5614142e-02
   1.2940590e-02
   1.1572303e-02
   9.5548960e-03
   1.2088891e-02
   1.2035584e-02
   1.1458146e-03
   1.3202842e-02
   1.2496306e-02
   5.4974190e-03
   3.6173243e-03
   4.8378340e-03
   9.6582848e-03
   1.2155225e-02
   1.1458146e-03
   1.1605969e-02
   1.2366806e-02
   1.8315458e-02
   8.8689013e-03
   5.9334104e-03
   1.3646218e-02
   1.4568533e-02
   9.9221425e-03
   1.4418689e-02
   1.4349958e-02
   1.3501672e-02
   1.3595722e-02
   1.4989567e-02
   1.4995231e-02
   1.6536407e-02
   1.2695044e-02
   1.3371020e-02
   1.5455874e-02
   1.6650151e-02
   1.2497504e-02
   1.5421712e-02
   6.3188131e-03
   1.2588404e-02
   6.4620751e-03
   1.7895289e-02
   5.6676431e-03
   1.3948603e-02
   1.6590064e-02
   1.5159712e-02
   1.4472854e-02
   1.1927238e-02
   1.0253977e-02
   1.0990467e-02
   1.5514106e-02
   1.6904443e-02
   1.5163379e-02
   1.3230414e-02
   1.2821034e-02
   9.2700014e-03
   1.2659879e-02
   1.1790448e-02
   1.5115080e-02
   1.2522913e-02
   1.2164280e-02
   1.3979544e-02
   8.8085456e-03
   1.3477487e-02
   8.0371539e-03
   1.0608413e-02
   1.4584767e-02
   1.2680230e-02
   1.6306118e-02
   1.6501338e-02
   1.3095292e-02
   1.5298067e-02
   1.2767479e-02
   1.5240068e-02
   1.6038337e-02
   1.2847829e-02
   1.5571753e-02
   1.2496665e-02
   1.4251335e-02
   1.3284743e-02
   1.0359778e-02
   1.3909814e-02
   1.4422443e-02
   1.6831086e-02
   1.5132566e-02
   1.2245222e-02
   1.6839913e-02
   1.3808213e-02
   1.5805942e-02
   1.3410526e-02
   1.4729915e-02
   1.2538107e-02
   1.5228780e-02
   1.9102279e-02
   1.4868417e-02
   1.2786498e-02
   1.4282316e-02
   1.2979048e-02
   1.3632065e-02
   1.6140282e-02
   1.2575557e-02
   1.0941782e-02
   1.6538138e-02
   1.1834226e-02
   1.3871044e-02
   1.0655438e-02
   1.5470066e-02
   1.1846173e-02
   1.3728098e-02
   2.6815918e-02
   1.6180361e-02
   9.6551423e-03
   1.5592244e-02
   1.4356889e-02
   1.6852035e-02
   1.5131435e-02
   1.4245573e-02
   1.1422945e-02
   1.4000376e-02
   1.5321630e-02
   1.4848868e-02
   1.4560274e-02
   1.0473429e-02
   1.7849784e-02
   1.4225526e-02
   1.3880488e-02
   1.4399402e-02
   1.1522768e-02
   1.5144899e-02
   1.5123033e-02
   1.8192742e-02
   1.5745306e-02
   1.3735493e-02
   1.4500214e-02
   1.4808220e-02
   1.3274122e-02
   1.1175007e-02
   1.1412206e-02
   1.1663406e-02
   1.5348454e-02
   1.0655993e-02
   1.5992354e-02
   1.4502698e-02
   5.2332541e-03
   1.1617031e-02
   1.2966275e-02
   1.4021166e-02
   1.6488442e-02
   7.2328153e-03
   1.3817387e-02
   7.1524595e-03
   1.1159577e-02
   7.5603997e-03
   1.3643518e-02
   1.6993275e-02
   1.4398805e-02
   1.6993275e-02
   1.0514360e-02
   1.0093388e-02
   2.1647957e-03
   9.9851943e-03
   6.5066356e-04
   5.3700442e-03
   3.3509191e-03
   1.5705961e-02
   2.3812301e-03
   1.2257914e-02
   1.4671831e-03
   1.4493689e-02
   1.6993275e-02
   1.3496828e-02
   9.0527483e-03
   1.7623889e-02
   1.1875936e-02
   5.4865595e-03
   1.4856235e-02
   1.1135324e-02
   1.0852222e-02
   1.2921009e-02
   1.2970583e-02
   1.1584181e-02
   1.0712371e-02
   1.4318940e-02
   1.2573023e-02
   1.1095954e-02
   3.4215711e-03
   1.2595824e-02
   1.3232508e-02
   1.1545760e-02
   9.5270359e-03
   1.4938935e-02
   6.7457516e-03
   1.3494026e-02
   1.1392671e-02
   1.1955930e-02
   1.1224305e-02
   9.5714710e-03
   9.6398244e-03
   6.0550419e-03
   7.7760296e-03
   1.7450769e-02
   6.2995275e-03
   7.9988458e-03
   1.0962908e-03
   6.5066356e-04
   8.2721343e-03
   7.4334745e-03
   8.9611473e-03
   1.6149136e-02
   7.6772327e-03
   1.6993275e-02
   7.5950166e-03
   1.7311069e-02
   1.5708410e-02
   1.3490762e-02
   1.1490572e-03
   6.5066356e-04
   1.0932889e-02
   1.0527028e-02
   1.1490572e-03
   1.5025162e-02
   6.6816889e-03
   1.3432860e-02
   1.4467484e-02
   1.6127671e-02
   5.4486984e-03
   1.1571428e-02
   5.2204855e-03
   1.4872211e-02
   5.2204855e-03
   2.8892799e-06
   9.2639863e-03
   1.6688275e-02
   1.4632638e-02
   2.8892799e-06
   1.3187840e-02
   1.3685911e-02
   1.4813285e-02
   1.1065535e-02
   1.2771201e-02
   1.0372347e-02
   1.0950943e-02
   1.4337622e-02
   8.9321545e-03
   7.7290195e-03
   1.0590345e-02
   1.3996434e-02
   1.3501934e-02
   1.5994082e-02
   1.2053030e-02
   1.3705714e-02
   1.2850059e-02
   1.2262608e-02
   7.2489726e-03
   1.6993275e-02
   1.3721155e-02
   1.2429600e-02
   1.1673183e-02
   1.1986643e-02
   1.3253032e-02
   7.3017812e-03
   1.0962908e-03
   3.5035139e-03
   2.1520767e-03
   6.9150188e-03
   1.5287806e-02
   7.0161121e-03
   5.4837551e-03
   9.7001195e-03
   1.3297303e-02
   1.7679099e-02
   1.4329140e-02
   1.4448642e-02
   1.5238846e-02
   1.6543564e-02
   1.3428032e-02
   1.6273624e-02
   1.2297468e-02
   1.4748594e-02
   1.4761227e-02
   1.6045333e-02
   1.0931070e-02
   1.4472646e-02
   1.2094892e-02
   1.3193455e-02
   1.1662277e-02
   1.8478039e-10
   1.3847526e-02
   1.4806812e-02
   1.3185142e-02
   1.3858474e-02
   1.2828480e-02
   1.4872577e-02
   1.5646644e-02
   1.2196854e-02
   1.4838153e-02
   1.4268902e-02
   1.3173185e-02
   1.1533626e-02
   6.3605422e-03
   1.3492681e-02
   1.5683119e-02
   7.7111671e-03
   1.3146459e-02
   1.6400193e-02
   1.2365922e-02
   1.4006139e-02
   1.7150532e-02
   1.1800410e-02
   1.3765161e-02
   9.5714710e-03
   1.4930785e-02
   1.6197909e-02
   1.8478039e-10
   1.4347134e-02
   1.6367027e-02
   1.3688886e-02
   9.9152717e-03
   1.8337787e-02
   1.6515165e-02
   2.2447964e-02
   1.5526051e-02
   1.3021508e-02
   1.4627057e-02
   1.7139188e-02
   1.3874818e-02
   1.4610160e-02
   1.6991948e-02
   3.1690953e-02
   1.3451661e-02
   7.4033904e-03
   1.1983947e-02
   1.4726823e-02
   7.7056910e-03
   1.5007044e-02
   1.2669790e-02
   1.0616027e-02
   1.0626633e-02
   1.1797106e-02
   9.6068124e-03
   1.1292353e-02
   1.3342665e-02
   1.1490572e-03
   1.1297332e-02
   2.3812301e-03
   5.3700442e-03
   1.0154783e-02
   1.2971588e-02
   1.7114713e-02
   1.3827780e-02
   1.5796477e-02
   1.4857143e-02
   1.2825199e-02
   1.4619848e-02
   1.5363443e-02
   1.4226061e-02
   1.1844301e-02
   1.2633230e-02
   2.0063089e-02
   1.3071421e-02
   5.0867815e-03
   1.5154357e-02
   1.2032780e-02
   1.5135454e-02
   1.5826867e-02
   1.5588685e-02
   1.3947705e-02
   1.4549964e-02
   1.3633008e-02
   1.3622448e-02
   1.3472478e-02
   1.2089638e-02
   1.6588312e-02
   1.5660246e-02
   1.1139277e-02
   9.5019427e-03
   1.2729696e-02
   1.1549118e-02
   1.1502865e-02
   1.4733100e-02
   1.2817693e-02
   1.0120145e-02
   1.1879464e-02
   1.4509035e-02
   1.2675431e-02
   1.0565628e-02
   1.1817410e-02
   1.1898579e-02
   1.3708161e-02
   5.0970188e-03
   1.1901292e-02
   8.6882663e-03
   1.6460185e-02
   1.9925682e-03
   6.5066356e-04
   9.9335581e-03
   1.5000274e-02
   1.4800655e-02
   5.3512350e-03
   2.1053230e-03
   2.1053230e-03
   1.4235466e-02
   1.3474753e-02
   1.5813728e-02
   1.0637321e-02
   5.6267613e-03
   1.5960405e-02
   1.4606132e-02
   2.9526475e-03
   5.7890967e-03
   6.5066356e-04
   1.3811269e-02
   4.3383905e-03
   1.5616553e-02
   1.4075966e-02
   5.1937084e-03
   1.6459107e-02
   1.5689665e-02
   1.4396687e-02
   1.2792118e-02
   1.2369000e-02
   1.3387407e-02
   1.7020777e-02
   1.4533731e-02
   1.5049419e-02
   1.6414378e-02
   1.2175618e-02
   1.7196982e-02
   1.3995554e-02
   1.4786015e-02
   1.4870331e-02
   1.4038446e-02
   1.4638852e-02
   1.8752285e-02
   1.3533915e-02
   1.1512522e-11
   1.3053772e-02
   1.7285828e-02
   1.6993275e-02
   1.2605371e-02
   1.2919673e-02
   1.0685047e-02
   1.1376125e-02
   8.5820287e-06
   1.0768985e-02
   9.6331335e-03
   1.2554497e-02
   1.1849707e-02
   1.0812209e-02
   1.2043934e-02
   1.3029151e-02
   2.0783167e-02
   1.1198664e-02
   1.2734582e-02
   1.3729923e-02
   1.4577296e-02
   1.1750537e-02
   1.3144819e-02
   1.6993275e-02
   1.4412941e-02
   1.1622477e-02
   1.0742443e-02
   1.3260654e-02
   1.3757017e-02
   8.7171119e-03
   1.3358743e-02
   1.6198167e-02
   8.5820287e-06
   1.5031638e-02
   1.4669961e-02
   2.6418008e-03
   1.3620629e-02
   1.0753233e-02
   4.8950640e-03
   9.2873001e-03
   1.2871737e-02
   1.0923814e-02
   1.6967023e-02
   8.8023960e-03
   1.1795924e-02
   1.3566765e-02
   7.1275674e-03
   1.2913062e-02
   1.1812002e-02
   1.5356335e-02
   8.8077019e-03
   8.3291796e-03
   8.4765757e-03
   1.7043391e-02
   1.4548817e-02
   1.3301760e-02
   1.3094370e-02
   8.5820287e-06
   1.6082491e-02
   1.1439762e-02
   1.3203929e-02
   1.1642459e-02
   8.4147973e-03
   1.5967493e-02
   7.9630266e-03
   1.2827920e-02
   9.1748759e-03
   1.3504995e-02
   7.8865870e-03
   1.5559587e-02
   1.2481117e-02
   1.0278350e-02
   1.4275951e-02
   1.6516906e-02
   1.1825653e-02
   1.3135587e-02
   1.3357496e-02
   1.3068711e-02
   1.3760424e-02
   1.4701213e-02
   1.4360916e-02
   1.2418234e-02
   1.5782173e-02
   7.9820895e-03
   1.6658500e-02
   1.3268346e-02
   1.3585744e-02
   1.5140276e-02
   2.1416558e-02
   1.4146103e-02
   1.4246153e-02
   1.2490778e-02
   1.6757508e-02
   9.1249551e-03
   1.3516487e-02
   9.8992606e-03
   1.0855399e-02
   2.2266349e-05
   1.4218586e-01
   1.2793721e-02
   2.2266349e-05
   1.0628297e-02
   1.5415467e-02
   1.3708348e-02
   3.4004961e-02
   1.1383265e-02
   1.2592062e-02
   1.5717354e-02
   1.4185749e-02
   1.1514157e-02
   1.4766701e-02
   1.4655351e-02
   1.2948698e-02
   1.6246079e-02
   1.2648602e-02
   1.3438848e-02
   1.2210999e-02
   1.3861574e-02
   1.2917396e-02
   1.3194037e-02
   1.2798890e-02
   1.4749973e-02
   6.3719761e-03
   2.4516231e-03
   1.4056471e-03
   4.0112116e-03
   1.2524825e-02
   1.0962908e-03
   4.3437528e-05
   1.0897589e-02
   6.0448639e-03
   1.4056471e-03
   4.3437528e-05
   1.0554648e-02
   6.8771840e-03
   8.8500634e-03
   1.4913936e-02
   8.2262104e-03
   8.5420034e-03
   1.4492617e-02
   1.4803757e-02
   1.6675111e-02
   1.0911600e-02
   1.0437260e-02
   1.0910342e-05
   1.5345368e-02
   1.5891193e-02
   1.0910342e-05
   9.2102519e-03
   1.7076002e-02
   1.6164025e-02
   1.4648152e-02
   1.0910342e-05
   1.2746819e-02
   1.2029900e-02
   1.2240401e-02
   1.5329003e-02
   1.6750522e-02
   1.0587722e-02
   1.5690483e-02
   1.1947311e-02
   6.5066356e-04
   3.7275631e-03
   1.0213308e-02
   1.1416468e-02
   1.2562619e-02
   1.6993275e-02
   1.6022828e-02
   1.3111344e-02
   1.2020590e-02
   7.8469603e-03
   1.2009290e-02
   1.4455781e-02
   1.4784998e-02
   1.5489403e-02
   1.1629871e-02
   1.4590393e-02
   1.0170741e-02
   1.4721523e-02
   1.3540054e-02
   1.2186310e-02
   1.1401106e-02
   1.3599398e-02
   1.4255837e-02
   1.0098631e-09
   1.7134013e-02
   1.4562659e-02
   1.8476004e-02
   1.4414916e-02
   1.2867944e-02
   5.2347914e-03
   1.2960790e-02
   2.1053230e-03
   1.4844940e-02
   4.8950640e-03
   1.0118652e-02
   7.5092467e-03
   1.2705183e-02
   2.6884732e-03
   2.6884732e-03
   1.4275687e-02
   1.2907425e-02
   1.4549202e-02
   1.7165010e-02
   1.6304032e-02
   1.5054558e-02
   1.3293159e-02
   7.1049419e-03
   1.4847146e-02
   1.3840280e-02
   1.1980535e-02
   1.2794214e-02
   9.7513033e-03
   9.8461147e-03
   1.0555259e-02
   1.5405980e-02
   1.2284168e-02
   1.3494421e-02
   1.1443705e-02
   1.4406301e-02
   3.4017629e-11
   1.4501979e-02
   1.4091221e-02
   1.0098631e-09
   1.3419825e-02
   1.3707156e-02
   1.1210692e-02
   1.2807532e-02
   1.1089253e-02
   1.2352058e-02
   1.2685287e-02
   4.8197815e-03
   1.3306182e-02
   1.4093742e-02
   1.6993275e-02
   1.4870668e-02
   1.2730456e-02
   7.4033904e-03
   1.4839820e-02
   2.1434296e-02
   1.3209189e-02
   8.3952200e-03
   1.0293615e-02
   1.3032561e-02
   1.6580769e-02
   1.4011887e-02
   1.3940316e-02
   1.2926582e-02
   1.2384833e-02
   1.4974858e-02
   1.1521102e-02
   1.6530704e-02
   1.1443954e-02
   1.6597237e-02
   1.1847153e-02
   1.5025653e-02
   1.1113881e-02
   1.5802400e-02
   1.1808062e-02
   1.4102172e-02
   1.3846233e-02
   1.7333812e-02
   1.4818365e-02
   1.3569577e-02
   7.7885381e-03
   1.3163119e-02
   1.3560396e-02
   1.4543896e-02
   1.2050762e-02
   1.1279744e-02
   1.4407329e-02
   1.7248319e-02
   1.2555061e-02
   1.3491911e-02
   1.5988302e-02
   1.6069999e-02
   1.4176313e-02
   1.4248377e-02
   6.5066356e-04
   1.2217791e-02
   1.4523232e-02
   1.1191771e-02
   1.2823264e-02
   1.2895299e-02
   1.3020307e-02
   1.3147717e-02
   1.1895259e-02
   1.0116140e-02
   1.3652438e-02
   1.4782891e-02
   1.2822729e-02
   8.5366116e-03
   1.6309803e-02
   1.2067102e-02
   1.3806521e-02
   2.4584496e-03
   1.3433210e-02
   1.2107227e-02
   1.3123632e-02
   1.6442898e-02
   1.3691816e-02
   1.0579132e-02
   1.4370188e-02
   1.6919230e-02
   1.5513088e-02
   1.0652297e-02
   2.8309099e-04
   9.6638141e-03
   1.3283374e-02
   1.3198730e-02
   1.3517068e-02
   3.2704794e-04
   1.1780852e-02
   1.9203835e-03
   7.7752798e-03
   1.3944988e-02
   1.4597694e-02
   1.5053112e-02
   1.2674401e-02
   1.7206826e-02
   1.4041721e-02
   5.4831895e-03
   1.1242537e-02
   1.8268454e-02
   1.3255390e-02
   1.4934768e-02
   1.2291280e-02
   1.4218586e-01
   1.5667007e-02
   1.1025330e-02
   1.2608355e-02
   1.3758727e-02
   1.2881734e-02
   1.3187209e-02
   1.1196108e-02
   2.3263697e-02
   1.8757795e-02
   1.5310054e-02
   9.0391277e-03
   1.2454984e-02
   1.6525166e-02
   1.3955749e-02
   1.2497916e-02
   1.5290806e-02
   1.4443274e-02
   2.1248502e-02
   1.2218929e-02
   1.0365856e-02
   1.3373348e-02
   1.3791610e-02
   5.2783199e-03
   1.2532310e-02
   1.5202987e-02
   1.3649517e-02
   1.9183589e-02
   1.1512522e-11
   1.2425193e-02
   1.1211058e-02
   1.2903542e-02
   1.3629071e-02
   7.9585264e-03
   1.1538243e-02
   1.3718365e-02
   1.4730534e-02
   1.6024283e-02
   1.3392761e-02
   1.3774781e-02
   1.9084644e-02
   1.4062422e-02
   1.5436597e-02
   1.0366744e-02
   1.2327157e-02
   1.3736426e-02
   1.2936529e-02
   1.1122164e-02
   1.3308280e-02
   1.4435217e-02
   1.5166552e-02
   1.0117060e-02
   1.2365076e-02
   1.6079225e-02
   1.4199400e-02
   1.6016696e-02
   1.6001600e-02
   1.4320839e-02
   1.6713026e-02
   1.4191217e-02
   6.9372163e-03
   1.5469225e-02
   1.2432591e-02
   1.2696198e-02
   1.4701310e-02
   1.8339382e-02
   1.5084211e-02
   1.5565005e-02
   1.7681697e-02
   1.5534380e-02
   1.7618204e-02
   1.8307468e-02
   1.1978602e-02
   1.4319584e-02
   1.6163838e-02
   1.3422612e-02
   1.1806268e-02
   1.2540150e-02
   1.2140257e-02
   1.1578481e-02
   1.1442122e-02
   2.7893622e-03
   1.4945504e-02
   1.2335901e-02
   1.2585701e-02
   1.3861188e-02
   9.8856109e-03
   1.4121440e-02
   1.4179206e-02
   1.3965321e-02
   1.5772160e-02
   1.3047187e-11
   1.3781708e-02
   1.4668385e-02
   3.3509191e-03
   1.9211690e-02
   1.4201113e-02
   2.1225513e-03
   1.2680103e-02
   1.5642488e-02
   1.3117782e-02
   2.1225513e-03
   1.3047187e-11
   1.5624785e-02
   1.1515687e-02
   1.5525021e-02
   1.4261456e-02
   1.3215889e-02
   1.6006858e-02
   1.3005371e-02
   1.6418824e-02
   1.3714813e-02
   1.1659670e-02
   3.4717262e-04
   8.7574061e-03
   1.1380933e-02
   4.7892941e-03
   1.4052713e-02
   1.3625511e-02
   4.8991850e-03
   1.3024244e-02
   1.4761928e-02
   1.3834969e-02
   1.3485788e-02
   1.4546464e-02
   1.4217230e-02
   1.2638681e-02
   1.3080298e-02
   1.6129087e-02
   1.4137125e-02
   1.8391174e-02
   1.7175034e-02
   1.4050327e-02
   1.4191935e-02
   1.4579591e-02
   1.7867102e-02
   1.3449223e-02
   1.1712005e-02
   1.2304716e-02
   9.5402806e-03
   1.3067007e-02
   1.2152992e-02
   1.1794377e-02
   1.6215287e-02
   1.4620168e-02
   1.9474671e-02
   1.3216420e-02
   1.0446504e-02
   1.3280186e-02
   1.4262685e-02
   1.4106832e-02
   1.3355733e-02
   1.1457539e-02
   1.2614686e-02
   7.7364518e-03
   1.2850842e-02
   1.5300622e-02
   1.2870592e-02
   5.3517674e-03
   1.9925682e-03
   6.5066356e-04
   9.9157724e-03
   1.2211384e-02
   7.5841996e-03
   6.6307803e-03
   1.3184963e-02
   1.3062343e-02
   2.5888384e-03
   6.5066356e-04
   7.0342648e-03
   1.3954582e-02
   1.1313071e-02
   1.3700829e-02
   9.4722142e-03
   1.3521826e-02
   1.3664745e-02
   1.4200996e-02
   1.4220125e-02
   1.5960120e-02
   1.6717802e-02
   1.2047419e-02
   1.5395796e-02
   1.2955667e-02
   1.4222155e-02
   1.2768049e-02
   1.3048307e-02
   1.7070139e-02
   4.9819260e-04
   1.0422485e-02
   4.9819260e-04
   1.3647854e-02
   1.6839928e-02
   1.1951132e-02
   4.9819260e-04
   7.0342648e-03
   1.3541359e-02
   8.5732989e-03
   1.4682820e-02
   4.9819260e-04
   1.4226481e-02
   1.5679258e-02
   1.4717224e-02
   1.0612052e-02
   1.6243457e-02
   9.1055739e-03
   2.6002885e-03
   1.4814567e-02
   1.1440422e-02
   1.4252759e-02
   1.4900442e-02
   2.1380357e-02
   1.4249077e-02
   1.6199526e-02
   1.8385076e-02
   1.6646854e-02
   1.5979362e-02
   1.3346270e-02
   1.4218586e-01
   1.4586933e-02
   1.1675432e-02
   1.4730249e-02
   1.2844728e-02
   1.3145176e-02
   1.1146216e-02
   1.2264525e-02
   1.3196418e-02
   2.6418008e-03
   1.2279132e-02
   1.2211456e-02
   8.5820287e-06
   1.5071251e-02
   1.0828921e-02
   1.1414395e-02
   1.2985696e-02
   1.4234697e-02
   9.9589878e-03
   1.2310382e-02
   1.7254759e-02
   8.3910799e-03
   1.4568794e-02
   1.4421210e-02
   6.5066356e-04
   1.1173214e-02
   6.1920091e-03
   1.0068574e-02
   1.2277590e-02
   6.5066356e-04
   7.9489446e-03
   1.1660756e-02
   1.6993275e-02
   1.4718558e-02
   5.5883334e-03
   6.9922421e-03
   6.3219705e-03
   1.2618135e-02
   1.4386633e-02
   8.5476056e-03
   7.9533169e-03
   5.4578614e-03
   1.3131441e-02
   1.3021130e-02
   4.3383905e-03
   1.4331311e-02
   8.3665491e-03
   1.4135324e-02
   2.1520767e-03
   1.4419163e-02
   1.5029734e-02
   1.4874697e-02
   1.4189344e-02
   7.2407635e-03
   1.1512522e-11
   1.6993275e-02
   1.3899664e-02
   2.9526475e-03
   1.3341976e-02
   1.3088481e-02
   1.1355028e-02
   1.6270088e-02
   1.3838148e-02
   1.2601587e-02
   1.5183122e-02
   1.5061647e-02
   1.5083132e-02
   1.4055941e-02
   1.4139974e-02
   1.3072574e-02
   1.1051977e-02
   1.7002966e-02
   4.7057809e-03
   1.4454711e-02
   1.2987190e-02
   1.2425013e-02
   1.2940037e-02
   1.3028818e-02
   9.0766972e-03
   1.7543268e-02
   1.2526137e-02
   1.3525043e-02
   1.7036972e-02
   1.4868794e-02
   1.4586156e-02
   1.1180135e-02
   9.4068394e-03
   1.4804909e-02
   1.5029111e-02
   1.5543828e-02
   3.4017629e-11
   1.4405718e-02
   1.5618048e-02
   1.3846009e-02
   1.4453431e-02
   1.2787056e-02
   1.3489003e-02
   8.9938936e-03
   1.2797793e-02
   5.9815576e-03
   1.4697353e-02
   1.5179199e-02
   1.2236684e-02
   1.4015598e-02
   4.8197815e-03
   1.6948942e-02
   1.1419839e-02
   1.4424056e-02
   1.5194376e-02
   1.3591161e-02
   1.3629290e-02
   1.2260419e-02
   1.4229980e-02
   1.4850806e-02
   1.0540396e-02
   1.4522087e-02
   1.3470902e-02
   1.3055409e-02
   1.3401436e-02
   1.6352166e-02
   1.6016300e-02
   1.6081747e-02
   1.2292131e-02
   1.3514102e-02
   1.4513044e-02
   1.3272635e-02
   6.5066356e-04
   1.3504214e-02
   1.0508268e-02
   1.1584222e-02
   1.4300537e-02
   1.5285065e-02
   2.1647957e-03
   1.2516033e-02
   1.3237918e-02
   1.5229586e-02
   1.5578103e-02
   5.8053218e-03
   9.0267527e-03
   4.9235683e-03
   6.5066356e-04
   1.1834854e-02
   3.4717262e-04
   9.3235497e-03
   1.2831561e-02
   8.5792772e-03
   1.3927086e-02
   1.0882807e-02
   1.6993275e-02
   1.5279249e-02
   1.3989788e-02
   2.2314043e-04
   1.5231421e-02
   1.3059026e-02
   1.4312347e-02
   1.3390898e-02
   1.1602692e-02
   1.0476335e-02
   2.2314043e-04
   1.2206675e-02
   1.3329455e-02
   1.3652939e-02
   1.3797942e-02
   1.5058153e-02
   1.2830926e-02
   1.6212423e-02
   1.9855966e-02
   1.3482583e-02
   1.1054499e-02
   6.7917241e-03
   1.3708628e-02
   1.4484536e-02
   1.4122079e-02
   1.4410518e-02
   1.1712496e-02
   1.0883681e-02
   1.6123959e-02
   1.1874010e-02
   1.2542841e-02
   9.7288153e-03
   1.8166235e-02
   2.1053230e-03
   2.5888384e-03
   1.2979411e-02
   1.2012268e-02
   1.2719360e-02
   1.0969585e-02
   1.0393982e-02
   1.5429233e-02
   1.0371932e-02
   1.3461288e-02
   1.2612925e-02
   1.1841795e-02
   1.3069345e-02
   1.2289660e-02
   1.1340084e-02
   1.4510621e-02
   8.0546075e-03
   1.2846788e-02
   1.1500872e-02
   1.5297854e-02
   1.2791044e-02
   1.4460137e-02
   1.4699573e-02
   1.6732744e-02
   1.6351243e-02
   1.1515658e-02
   1.2241194e-02
   1.3389008e-02
   1.4347420e-02
   1.3658922e-02
   1.2508332e-02
   1.3442938e-02
   1.2432254e-02
   9.7143953e-03
   1.6087573e-02
   1.5716051e-02
   1.1465840e-02
   1.2162045e-02
   1.3294537e-02
   1.7271901e-02
   1.6278784e-02
   7.3809324e-03
   2.9526475e-03
   1.0347761e-02
   1.3842970e-02
   1.2040305e-02
   1.2004058e-02
   1.4671394e-02
   2.6823242e-02
   1.4727734e-02
   1.4098262e-02
   1.5744228e-02
   1.5530861e-02
   1.2990994e-02
   1.3959630e-02
   1.7549204e-02
   1.8639941e-02
   1.3117049e-02
   1.4756167e-02
   1.0950447e-02
   5.5152283e-03
   2.0180159e-02
   1.1525777e-02
   1.2822371e-02
   8.1975176e-03
   1.1544981e-02
   9.6301452e-03
   1.1069816e-02
   7.4334745e-03
   1.3696245e-02
   1.3667484e-02
   1.4776367e-02
   1.4874730e-02
   1.8261658e-02
   1.8478306e-02
   8.4540703e-03
   1.1351908e-02
   1.4935969e-02
   1.2617793e-02
   1.4287622e-02
   1.1717451e-02
   1.2162612e-02
   1.5131758e-02
   1.6012812e-02
   1.2073458e-02
   2.2764087e-02
   1.7876130e-02
   1.3834527e-02
   1.4210107e-02
   1.4615386e-02
   1.9028965e-02
   1.3114226e-02
   1.4202708e-02
   1.1675763e-02
   1.5782210e-02
   1.1868415e-02
   1.3265818e-02
   1.1251147e-02
   1.2642108e-02
   1.2517972e-02
   1.2851375e-02
   1.5313504e-02
   1.3043116e-02
   1.2597468e-02
   1.3274440e-02
   1.2671884e-02
   1.4125680e-02
   1.5341062e-02
   1.0251631e-02
   1.5297049e-02
   1.3986243e-02
   1.2386900e-02
   1.0988283e-02
   1.3946505e-02
   1.1021975e-02
   1.8386719e-02
   9.4915196e-03
   1.2715909e-02
   1.2466567e-02
   1.3994427e-02
   6.5066356e-04
   1.2016109e-02
   8.7376370e-03
   1.1907091e-02
   6.7640675e-03
   1.0796660e-02
   1.6993275e-02
   1.3279555e-02
   7.8273210e-03
   4.7892941e-03
   1.6993275e-02
   1.3018567e-02
   1.4046989e-02
   1.3959326e-02
   1.3073942e-02
   9.9111877e-03
   4.0241234e-03
   1.3155249e-02
   1.4050435e-02
   1.5121185e-02
   1.5046361e-02
   1.2264741e-02
   1.8269766e-02
   4.8950640e-03
   1.6976270e-02
   1.1447189e-02
   1.7594931e-02
   1.2666339e-02
   1.3459751e-02
   1.0009823e-02
   2.3069290e-02
   1.3623186e-02
   1.2380740e-02
   1.2947737e-02
   1.3853852e-02
   1.5952088e-02
   1.1557616e-02
   1.6844468e-02
   1.1848647e-02
   1.7588899e-02
   9.4104377e-03
   1.5516590e-02
   9.2625736e-03
   1.4432835e-02
   1.0349069e-02
   1.6985470e-02
   9.1689465e-03
   1.2601052e-02
   1.6993275e-02
   1.0222316e-02
   1.5526805e-02
   1.1985621e-02
   1.1774790e-02
   1.0253827e-02
   1.5038401e-02
   1.1903759e-02
   7.4869383e-03
   1.4420353e-02
   1.3364113e-02
   1.3640371e-02
   1.5326256e-02
   1.0102728e-02
   1.0129387e-02
   1.3550859e-02
   3.3902812e-03
   1.1232422e-02
   1.3473960e-02
   1.2729458e-02
   4.9084128e-03
   4.8950640e-03
   1.4950186e-02
   1.0178817e-02
   1.1694315e-02
   1.2390950e-02
   1.1235488e-02
   1.5462585e-02
   1.2943695e-02
   1.4408935e-02
   1.0913930e-02
   1.2715760e-02
   1.4871304e-02
   1.3958664e-02
   1.4926637e-02
   1.2728580e-02
   1.3911289e-02
   1.1181819e-02
   1.3733303e-02
   1.6163269e-02
   1.1655698e-02
   1.5421450e-02
   1.4106499e-02
   1.5646609e-02
   1.3212873e-02
   1.9203835e-03
   1.3020699e-02
   1.5071811e-02
   9.3388386e-05
   1.0519459e-02
   1.3891734e-02
   1.3586820e-02
   1.2748351e-02
   1.3425199e-02
   9.3388386e-05
   1.2509328e-02
   1.4859620e-02
   1.2759623e-02
   2.0320155e-02
   1.4172876e-02
   1.2594353e-02
   1.1092275e-02
   1.3047077e-02
   1.2169914e-02
   1.2540673e-02
   1.3152018e-02
   1.2353652e-02
   1.4606164e-02
   1.4943127e-02
   1.2557699e-02
   1.3470728e-02
   1.4875480e-02
   1.3412491e-02
   1.5164149e-02
   1.3161994e-02
   1.4225869e-02
   1.4879752e-02
   1.2440204e-02
   1.4599991e-02
   2.4584496e-03
   1.6321402e-02
   1.2594273e-02
   1.3016539e-02
   1.3672588e-02
   1.5228520e-02
   1.4786717e-02
   1.4676463e-02
   1.2537825e-02
   1.3035360e-02
   1.7946505e-02
   1.6103254e-02
   1.0477734e-02
   3.4300288e-03
   1.4873898e-02
   1.3445578e-02
   1.3839143e-02
   1.2138863e-02
   1.2226012e-02
   1.0926085e-02
   1.3730265e-02
   1.3160629e-02
   1.4441030e-02
   1.2315224e-02
   1.2229160e-02
   1.0808747e-02
   1.1894427e-02
   1.4344059e-02
   3.4300288e-03
   1.4448088e-02
   1.0582241e-02
   1.4158126e-02
   2.6002885e-03
   1.1023050e-02
   1.3633169e-02
   1.4445232e-02
   1.5336833e-02
   4.7057809e-03
   1.1313418e-02
   1.2011627e-02
   2.1004037e-03
   8.6306037e-03
   1.4960239e-02
   1.5945423e-02
   1.3149924e-02
   1.4133058e-02
   1.4232825e-02
   1.9527611e-02
   1.2817561e-02
   9.5957508e-03
   1.6263174e-02
   7.6872663e-04
   1.0803743e-02
   1.1378796e-02
   1.1059465e-02
   7.6872663e-04
   1.0449537e-02
   1.0962908e-03
   1.4616721e-02
   9.6648851e-03
   1.2499211e-02
   1.8013493e-02
   1.1244221e-02
   1.3812094e-02
   1.1781373e-02
   9.0936104e-03
   1.0962908e-03
   1.4074257e-02
   1.2990896e-02
   1.1406091e-02
   1.3183266e-02
   1.3696364e-02
   1.4523070e-02
   1.0580453e-02
   1.3494086e-02
   1.3307363e-02
   6.7616710e-03
   1.4870050e-02
   4.2229880e-03
   9.9132212e-03
   9.5657433e-03
   1.3539194e-02
   1.6089830e-02
   1.5062153e-02
   1.6448659e-02
   1.2504711e-02
   1.3069525e-02
   9.7787067e-03
   1.2049433e-02
   2.4584496e-03
   1.4039167e-02
   1.5198307e-02
   1.3634675e-02
   4.2229880e-03
   1.0962908e-03
   2.4584496e-03
   1.4650304e-02
   1.4130170e-02
   8.7266131e-03
   1.2382285e-02
   1.3714632e-02
   1.4404679e-02
   1.6461213e-02
   9.1625231e-03
   9.4762415e-03
   1.1734622e-02
   1.3509827e-02
   1.3471785e-02
   1.2296155e-02
   1.2500799e-02
   9.5223043e-03
   1.3581487e-02
   1.5421333e-02
   1.1302915e-02
   1.5076656e-02
   1.5559897e-02
   1.4498651e-02
   1.5034212e-02
   1.5344325e-02
   1.5096977e-02
   1.3721846e-02
   9.3477442e-03
   1.6264913e-02
   1.2017699e-02
   1.2839307e-02
   1.1571268e-02
   1.0526458e-02
   1.4838760e-02
   1.5061700e-02
   1.3736633e-02
   1.3309378e-02
   1.1423644e-02
   1.0919390e-02
   1.1900313e-02
   3.3129050e-03
   1.2901077e-02
   1.4494643e-02
   7.5523840e-03
   1.9925682e-03
   1.1038645e-02
   1.3362755e-02
   8.9933530e-03
   1.3485585e-02
   6.9841670e-03
   1.5013926e-02
   1.5398638e-02
   1.1954370e-02
   5.4865748e-03
   1.4356794e-02
   1.9546610e-02
   1.3734075e-02
   1.3917499e-02
   1.2366447e-02
   1.0722774e-02
   1.2035747e-02
   1.0819994e-02
   1.3057111e-02
   9.4792129e-03
   8.5301100e-03
   9.9724910e-03
   1.5457989e-02
   1.4001863e-02
   6.5066356e-04
   8.2725279e-03
   1.4121083e-02
   1.4343636e-02
   1.4752579e-02
   1.6993275e-02
   4.2068518e-03
   1.2051312e-02
   1.3811719e-02
   8.5296187e-03
   1.4007606e-02
   1.0503446e-02
   1.6818771e-02
   1.3584343e-02
   1.0143851e-02
   1.1843317e-02
   6.4754780e-03
   1.3262868e-02
   1.2016977e-02
   1.0960679e-02
   1.4151641e-02
   1.1096904e-02
   1.2069480e-02
   1.2979950e-02
   1.2538127e-02
   1.2326350e-02
   1.3864335e-02
   1.5312876e-02
   1.3755033e-02
   9.0138851e-03
   1.1923467e-02
   1.5050553e-02
   1.3674759e-02
   1.4304676e-02
   1.5151035e-02
   1.4626092e-02
   1.5061898e-02
   8.9352883e-03
   1.0491654e-02
   1.6877280e-02
   1.2651391e-02
   1.5894421e-02
   1.4228456e-02
   1.2229461e-02
   1.1444926e-02
   1.4942574e-02
   1.1488386e-02
   1.2876576e-02
   1.4258745e-02
   1.2573584e-02
   1.9203835e-03
   1.4758481e-02
   1.3353484e-02
   1.4167170e-02
   1.4264326e-02
   1.1618466e-02
   1.3202654e-02
   1.2746272e-02
   1.4820248e-02
   1.0859870e-02
   1.4136507e-02
   1.4011301e-02
   9.8663838e-03
   1.3477069e-02
   1.2664463e-02
   1.2694153e-02
   8.9172893e-03
   1.5529171e-02
   1.3267992e-02
   1.3281674e-02
   1.3496529e-02
   9.8663838e-03
   1.4147524e-02
   1.2868097e-02
   1.4163645e-02
   1.3384050e-02
   1.2706803e-02
   1.1723301e-02
   1.2016253e-02
   1.0804102e-02
   1.4544333e-02
   1.3698406e-02
   1.3159188e-02
   1.6214354e-02
   1.5263432e-02
   1.5272219e-02
   1.1547532e-02
   1.2896643e-02
   1.5733559e-02
   1.3343097e-02
   8.5831967e-03
   1.1837511e-02
   1.1793092e-02
   1.0897561e-02
   1.1708696e-02
   2.5106536e-02
   1.5038975e-02
   1.8259488e-02
   1.6919259e-02
   1.5916409e-02
   2.2443239e-02
   1.2497259e-02
   1.4825142e-02
   1.1319509e-02
   1.4210892e-02
   1.4011265e-02
   1.9151397e-02
   1.8369491e-02
   1.6702661e-02
   1.1457682e-02
   1.1966007e-02
   1.1720535e-02
   1.5043161e-02
   1.1479942e-02
   1.2781717e-02
   1.3053005e-02
   3.3019122e-02
   1.2306818e-02
   1.2445917e-02
   1.1087680e-02
   1.2597942e-02
   1.1285862e-02
   7.2997266e-03
   3.4296265e-03
   1.6993275e-02
   3.4296265e-03
   6.5066356e-04
   6.5066356e-04
   8.2295970e-03
   1.2252596e-02
   1.3309949e-02
   1.2251368e-02
   1.0330962e-02
   1.6785805e-02
   1.0899949e-02
   1.2518897e-02
   1.3856967e-02
   1.4714497e-02
   8.5991904e-03
   1.5342373e-02
   1.2401988e-02
   1.1200610e-02
   1.3250499e-02
   1.0857514e-02
   9.1839504e-03
   1.1678576e-02
   5.3160295e-03
   6.5066356e-04
   1.4416413e-02
   1.6632105e-02
   1.2909678e-02
   1.6799195e-02
   1.3319206e-02
   8.3356857e-03
   1.5503855e-02
   1.2845900e-02
   1.3555568e-02
   1.6610032e-02
   1.3745439e-02
   1.7214731e-02
   1.2816556e-02
   1.3031137e-02
   1.3688215e-02
   8.8239330e-03
   1.6378991e-02
   1.4796566e-02
   1.3224830e-02
   1.6324086e-02
   1.8041005e-02
   1.4196693e-02
   1.5135846e-02
   1.5201876e-02
   1.0900966e-02
   1.0348253e-02
   1.2711115e-02
   1.3627177e-02
   1.9995929e-02
   1.5353672e-02
   1.3578190e-02
   1.7396527e-02
   1.0813456e-02
   1.3813079e-02
   1.1918177e-02
   5.9234968e-03
   2.1561019e-03
   5.9234968e-03
   1.1557713e-02
   1.2111977e-02
   1.1455745e-02
   1.2499977e-02
   1.1971796e-02
   1.3209557e-02
   1.3892173e-02
   1.4746181e-02
   1.0962908e-03
   1.7694204e-02
   2.4584496e-03
   1.3184354e-02
   9.6698035e-03
   1.5702668e-02
   1.3999446e-02
   1.5141239e-02
   1.6836554e-02
   1.2968740e-02
   1.4477395e-02
   8.6272006e-03
   1.5131248e-02
   1.1566667e-02
   1.1747290e-02
   1.3907247e-02
   1.4694289e-02
   1.3695363e-02
   1.1787675e-02
   1.5691770e-02
   1.5384718e-02
   1.3941420e-02
   1.6373214e-02
   1.4821458e-02
   1.2513955e-02
   2.4516231e-03
   1.8827390e-02
   1.1772943e-02
   9.8085542e-03
   1.5132688e-02
   1.5346786e-02
   1.0359667e-02
   1.4298463e-02
   1.3999989e-02
   1.5114113e-02
   2.1053230e-03
   1.3459801e-02
   1.1562143e-02
   1.2593897e-02
   1.2703452e-02
   2.0987683e-02
   1.0438291e-02
   1.3254489e-02
   1.0125763e-02
   1.3695616e-02
   1.3457135e-02
   1.0772431e-02
   1.4835778e-02
   1.4811253e-02
   1.4557526e-02
   1.4276060e-02
   1.2663093e-02
   1.0304188e-02
   1.4610213e-02
   1.6441352e-02
   1.7132970e-02
   1.0952765e-02
   1.8308010e-02
   1.6547982e-02
   1.1305283e-02
   1.2452031e-02
   1.3038933e-02
   1.4014940e-02
   1.3119217e-02
   1.2324471e-02
   1.5810950e-02
   1.4398821e-02
   5.4255870e-03
   5.4530973e-03
   2.1053230e-03
   1.2658850e-02
   1.3216820e-02
   1.6626977e-02
   1.4028821e-02
   2.6503061e-03
   1.3991474e-02
   2.6503061e-03
   9.3558018e-03
   1.2115235e-02
   1.5221249e-02
   1.5044559e-02
   1.3031703e-02
   1.3727303e-02
   1.8478366e-02
   1.1921618e-02
   1.5427643e-02
   1.3871308e-02
   1.2320609e-02
   1.3725809e-02
   1.5707498e-02
   1.3121742e-02
   1.5401879e-02
   1.2849359e-02
   1.5119769e-02
   1.3907464e-02
   1.3398561e-02
   1.4586471e-02
   1.2518419e-02
   1.3054022e-02
   1.3961712e-02
   1.5623061e-02
   1.4884369e-02
   1.5379287e-02
   1.4578419e-02
   4.9964188e-03
   1.1924610e-02
   1.5007156e-02
   9.6563963e-03
   1.5712283e-02
   1.1713389e-02
   1.2914847e-02
   1.2666809e-02
   9.0383645e-03
   1.3729241e-02
   1.7660437e-02
   1.3740046e-02
   1.0851223e-02
   1.4702383e-02
   1.5239790e-02
   1.2268545e-02
   1.2996568e-02
   1.4449683e-02
   1.2183082e-02
   1.1332531e-02
   1.4498929e-02
   1.1675280e-02
   1.4663845e-02
   1.4431173e-02
   1.4760408e-02
   6.6878563e-03
   1.1074826e-02
   1.1599611e-02
   1.6396170e-02
   1.3622957e-02
   9.7210688e-03
   1.0516967e-02
   1.2183757e-02
   1.4343628e-02
   1.4860287e-02
   1.1232835e-02
   1.3251289e-02
   1.1973838e-02
   1.4139604e-02
   1.5949805e-02
   1.0482789e-02
   1.6319630e-02
   1.2886907e-02
   1.3069338e-02
   1.3496146e-02
   1.5977409e-02
   1.6612440e-02
   1.3394306e-02
   1.6169217e-02
   1.4781627e-02
   1.3631279e-02
   1.3528411e-02
   1.2765976e-02
   1.1979826e-02
   1.3356756e-02
   1.2575017e-02
   1.4914805e-02
   1.5057673e-02
   1.3647146e-02
   5.9815576e-03
   1.3958673e-02
   1.2509995e-02
   8.0995976e-03
   1.4298939e-02
   2.6503061e-03
   1.6055270e-02
   2.0881819e-02
   9.5082149e-03
   1.5656519e-02
   1.0846661e-02
   1.2242892e-02
   1.5797995e-02
   1.2115276e-02
   1.2579983e-02
   1.2283740e-02
   1.4098678e-02
   1.4813849e-02
   1.4723077e-02
   1.3231776e-02
   1.4873949e-02
   1.5505022e-02
   1.5346786e-02
   1.3566251e-02
   1.2816954e-02
   1.3372979e-02
   1.2708592e-01
   1.4650192e-02
   1.6557065e-02
   1.4009142e-02
   1.1472314e-02
   1.3271188e-02
   8.4140902e-03
   1.2187673e-02
   6.4368177e-03
   1.4008500e-02
   1.3819419e-02
   8.0984782e-03
   9.1862224e-03
   1.0364338e-02
   8.5135637e-03
   1.0962908e-03
   2.7893622e-03
   1.2207992e-02
   1.2339779e-02
   1.3604922e-02
   1.2667529e-02
   1.1863126e-02
   1.1375919e-02
   2.5182145e-02
   1.3861702e-02
   1.3523530e-02
   1.1692856e-02
   2.6503061e-03
   1.5153226e-02
   1.1797504e-02
   9.5091700e-03
   1.1699662e-02
   1.4873116e-02
   1.3265242e-02
   1.1617504e-02
   1.3004297e-02
   1.0739522e-02
   1.4243791e-02
   8.5604979e-03
   1.4828610e-02
   1.0874091e-02
   1.4874729e-02
   1.5289347e-02
   1.2842846e-02
   1.8065378e-02
   1.3055965e-02
   1.1734395e-02
   1.1167066e-02
   1.6750139e-02
   3.8864788e-03
   9.9722459e-03
   1.3585335e-02
   1.2708592e-01
   9.8553402e-03
   1.3226071e-02
   1.3754010e-02
   9.7787067e-03
   1.2880940e-02
   1.4198057e-02
   8.1039204e-03
   1.5570790e-02
   1.3248765e-02
   1.4751017e-02
   1.6774212e-02
   1.2102440e-02
   1.4827979e-02
   1.1853208e-02
   1.1829646e-02
   1.3838731e-02
   1.2168947e-02
   1.2251696e-02
   1.3802001e-02
   1.2994684e-02
   1.5117027e-02
   1.7123958e-02
   1.5033445e-02
   1.1403576e-02
   1.9203835e-03
   1.0845089e-02
   1.3460863e-02
   1.0061865e-02
   1.6993275e-02
   1.2523590e-02
   2.4516231e-03
   1.1564982e-02
   1.0962908e-03
   1.1682182e-02
   8.9649120e-03
   1.3561709e-02
   1.2668174e-03
   3.3129050e-03
   8.8850658e-03
   1.2668174e-03
   1.4107430e-02
   1.4671831e-03
   1.3146162e-02
   6.0212952e-03
   1.0517045e-02
   2.1520767e-03
   1.3067607e-02
   1.1273698e-02
   1.0971462e-02
   1.7308409e-02
   1.5038252e-02
   9.4212504e-03
   1.4301269e-02
   1.3394449e-02
   1.2254467e-02
   1.6685398e-02
   1.1078240e-02
   1.4573087e-02
   1.2906151e-02
   1.5402469e-02
   9.8379177e-03
   1.3661706e-02
   1.1624040e-02
   1.1217548e-02
   1.6993275e-02
   1.2982251e-02
   1.2578506e-02
   8.9853007e-03
   1.3135299e-02
   8.9853007e-03
   1.1315081e-02
   1.6993275e-02
   1.2844429e-02
   8.9853007e-03
   1.2575457e-02
   1.3010854e-02
   1.0710861e-02
   1.1686229e-02
   1.2429690e-02
   1.3938038e-02
   1.0738293e-02
   1.1452663e-02
   1.3709641e-02
   1.3899992e-02
   1.3511901e-02
   1.6984416e-02
   1.2530046e-02
   1.3123466e-02
   1.1733442e-02
   1.0962908e-03
   1.1512414e-02
   1.4856759e-02
   1.4378367e-02
   1.0408715e-02
   1.5375807e-02
   1.6993275e-02
   1.3099482e-02
   1.1328823e-02
   1.4717413e-02
   1.2741176e-02
   1.5355470e-02
   3.3129050e-03
   6.5066356e-04
   1.3063050e-02
   1.1488457e-02
   1.4552958e-02
   1.1490572e-03
   1.3489180e-02
   1.1890776e-02
   1.2241694e-02
   1.5877900e-02
   1.5764450e-02
   1.5414075e-02
   1.6099470e-02
   1.4906729e-02
   5.2454914e-03
   1.2146847e-02
   1.1436141e-02
   1.2718359e-02
   1.0837626e-02
   1.0084896e-02
   1.0234529e-02
   1.5161587e-02
   1.4738736e-02
   1.3794641e-02
   1.5916821e-02
   1.3977252e-02
   1.5099504e-02
   1.3512366e-02
   1.1836341e-02
   1.1952372e-02
   1.4875815e-02
   1.3753959e-02
   1.3376732e-02
   1.2928432e-02
   1.0772059e-02
   1.3834584e-02
   9.5139010e-03
   1.3251218e-02
   1.3971871e-02
   9.3249986e-03
   1.4255898e-02
   1.4925771e-02
   1.1336519e-02
   1.4042846e-02
   1.3999643e-02
   1.6470853e-02
   6.6289352e-03
   1.6827384e-02
   1.3366321e-02
   1.3409110e-02
   9.9822451e-03
   1.1174844e-02
   1.7615222e-02
   1.2807645e-02
   1.6681278e-02
   1.4193949e-02
   5.7963573e-03
   1.0897589e-02
   1.2667607e-02
   4.1345340e-03
   1.1630515e-02
   1.2779911e-02
   1.4108534e-02
   2.6503061e-03
   1.0471075e-02
   1.3691183e-02
   1.2958916e-02
   1.1979737e-02
   1.2204670e-02
   1.5258939e-02
   1.4241129e-02
   1.8199458e-02
   1.0400460e-02
   1.4567549e-02
   1.2420598e-02
   1.2313149e-02
   1.3651811e-02
   1.2490587e-02
   1.4177607e-02
   1.1573609e-02
   1.2911611e-02
   1.1398288e-02
   1.4314921e-02
   1.4369208e-02
   1.3527898e-02
   1.2709591e-02
   1.2166492e-02
   6.8108481e-03
   1.3676925e-02
   1.4205498e-02
   1.2982055e-02
   1.0616355e-02
   1.4260835e-02
   1.1067764e-02
   1.6211348e-02
   1.0539797e-02
   1.3801754e-02
   1.2015674e-02
   1.2875903e-02
   1.1339476e-02
   1.6828350e-02
   1.0815923e-02
   1.7243251e-02
   1.3626503e-02
   1.1527491e-02
   1.1572121e-02
   1.5350817e-02
   1.2958273e-02
   1.1502696e-02
   1.1946176e-02
   1.1827135e-02
   9.7355168e-03
   1.4862355e-02
   9.7095954e-03
   7.6833502e-03
   1.3368505e-02
   1.4340041e-02
   1.4276912e-02
   1.2421501e-02
   1.1344009e-02
   1.0876830e-02
   1.1135713e-02
   1.7151995e-02
   1.1747803e-02
   1.1985978e-02
   1.3293987e-02
   1.2080995e-02
   1.6629729e-02
   1.2542310e-02
   1.2967584e-02
   1.3327968e-02
   1.4751798e-02
   1.3158720e-02
   1.3978477e-02
   1.4565174e-02
   1.4946665e-02
   1.0570758e-02
   1.5427551e-02
   1.6674323e-02
   1.2003337e-02
   1.3539339e-02
   1.0716145e-02
   1.4343374e-02
   1.3348208e-02
   1.1800323e-02
   1.3177280e-02
   1.4795179e-02
   1.6058463e-02
   1.3441055e-02
   1.5534028e-02
   1.0568503e-02
   1.2585625e-02
   1.4167148e-02
   1.1884626e-02
   1.0331949e-02
   1.1931815e-02
   1.6382712e-02
   9.4845431e-03
   1.3798196e-02
   1.2330385e-02
   1.4521389e-02
   1.1417140e-02
   2.0131717e-02
   1.4180895e-02
   1.1402994e-02
   1.2648462e-02
   1.1037339e-02
   1.2424298e-02
   1.1722676e-02
   1.2254589e-02
   1.5526026e-02
   1.3548392e-02
   1.1990970e-02
   1.2339816e-02
   1.3651999e-02
   1.2498865e-02
   1.2640344e-02
   1.6993275e-02
   1.2614685e-02
   1.4307469e-02
   8.8291566e-03
   1.6993275e-02
   8.5713562e-03
   7.7023074e-03
   1.0644960e-02
   1.5030888e-02
   1.6993275e-02
   1.2612550e-02
   1.2708592e-01
   7.6088747e-03
   1.1058929e-02
   9.8312350e-03
   7.2247160e-03
   8.8086084e-03
   5.2376912e-03
   1.2173434e-02
   1.1655672e-02
   1.2594381e-02
   1.0547065e-02
   1.1085273e-02
   1.5540956e-02
   1.7123363e-02
   3.8864788e-03
   1.3641591e-02
   1.2746363e-02
   1.6802251e-02
   1.1502779e-02
   1.3921193e-02
   1.6714600e-02
   1.5731881e-02
   1.2317716e-02
   1.2558194e-02
   1.2870667e-02
   1.6086228e-02
   1.4868488e-02
   1.1541159e-02
   1.2811865e-02
   1.5575422e-02
   1.4164276e-02
   3.2907119e-04
   1.5745094e-02
   5.4461715e-04
   1.4148873e-02
   1.3620472e-02
   8.7975973e-03
   9.9722459e-03
   1.3780393e-02
   8.5624476e-03
   1.6198041e-02
   1.5602494e-02
   1.4253495e-02
   1.7772012e-02
   1.3688448e-02
   1.4536008e-02
   1.4208270e-02
   1.5014926e-02
   7.5360887e-03
   1.5868620e-02
   1.4935439e-02
   1.2698402e-02
   1.3670395e-02
   1.3312116e-02
   1.2928948e-02
   1.5232778e-02
   1.4378867e-02
   1.3086067e-02
   6.6446624e-04
   1.4191684e-02
   1.4822348e-02
   1.2646892e-02
   1.1067533e-02
   1.5617206e-02
   1.4927175e-02
   1.5433376e-02
   6.6446624e-04
   6.5890929e-03
   1.4456411e-02
   1.4899462e-02
   1.3059482e-02
   1.4127862e-02
   1.1504152e-02
   1.3003722e-02
   1.4636979e-02
   1.4262763e-02
   1.2599229e-02
   1.3730843e-02
   1.4025176e-02
   1.6603121e-02
   1.0713128e-02
   1.3985113e-02
   1.2591026e-02
   1.4806885e-02
   1.4114622e-02
   1.2978172e-02
   1.4626360e-02
   1.1270946e-02
   1.2177769e-02
   1.4582408e-02
   1.1230367e-02
   1.3555680e-02
   1.3907354e-02
   1.8301571e-02
   1.1711722e-02
   1.3622729e-02
   1.1754061e-02
   1.1987080e-02
   2.1429073e-02
   1.3541037e-02
   1.5128462e-02
   1.3049843e-02
   1.8785218e-02
   1.3791867e-02
   1.0542969e-02
   8.2912133e-03
   1.5530827e-02
   1.2558765e-02
   1.0821843e-02
   1.0865676e-02
   1.1748169e-02
   1.3811225e-02
   1.4962888e-02
   1.5219004e-02
   9.6179995e-03
   1.2181996e-02
   1.3360560e-02
   1.6694464e-02
   5.9620467e-03
   1.2887759e-02
   5.6555528e-03
   1.2867776e-02
   9.7008258e-03
   1.5594142e-02
   1.1173547e-02
   1.2971492e-02
   1.5648113e-02
   1.4435100e-02
   1.3996127e-02
   1.2870278e-02
   1.3470725e-02
   1.7647961e-02
   1.1251364e-02
   1.4910325e-02
   2.4584496e-03
   1.2061842e-02
   1.2203463e-02
   1.8449373e-02
   1.4254114e-02
   1.4228631e-02
   1.2952838e-02
   2.4584496e-03
   9.9072650e-03
   1.3836992e-02
   1.5268640e-02
   6.5066356e-04
   1.3884326e-02
   6.5066356e-04
   1.2462451e-02
   1.3538797e-02
   1.7331812e-02
   1.0919877e-02
   1.1332921e-02
   1.4397382e-02
   1.1709506e-02
   1.4338570e-02
   1.7082390e-02
   1.1966820e-02
   6.5066356e-04
   1.6576020e-02
   1.5302039e-02
   1.5007076e-02
   1.4650255e-02
   1.2367926e-02
   1.0319647e-02
   1.0617475e-02
   1.2857106e-02
   1.1920820e-02
   1.3882773e-02
   1.2610505e-02
   1.1852476e-02
   1.3944773e-02
   1.2800192e-02
   1.3772577e-02
   1.2751761e-02
   1.2419372e-02
   1.4611105e-02
   1.5285482e-02
   1.3977037e-02
   1.4141898e-02
   1.2595200e-02
   1.0465260e-02
   1.1382851e-02
   6.4041517e-03
   1.2911800e-02
   7.5588430e-03
   7.7907960e-03
   1.3696030e-02
   1.3114741e-02
   1.1829268e-02
   1.2178275e-02
   1.0340553e-02
   1.3493425e-02
   1.1490572e-03
   9.9903381e-03
   6.2286806e-03
   1.3022738e-02
   1.1689448e-02
   1.4055499e-02
   1.8460707e-02
   1.1036971e-02
   1.3389932e-02
   1.2597944e-02
   1.4589771e-02
   1.2454897e-02
   1.7790251e-02
   8.9567746e-03
   1.0176957e-02
   1.2692918e-02
   1.4873813e-02
   1.2004279e-02
   1.3546611e-02
   1.4112960e-02
   1.2406714e-02
   1.4640418e-02
   1.1643018e-02
   1.3468853e-02
   1.2148883e-02
   9.6656218e-03
   1.7382656e-02
   1.4127668e-02
   1.5638707e-02
   1.2318541e-02
   1.0693761e-02
   1.2745530e-02
   1.1506126e-02
   1.2411130e-02
   1.2494947e-02
   1.4874514e-02
   1.3861076e-02
   1.1073508e-02
   1.2459571e-02
   8.6035131e-03
   8.8430946e-03
   1.2465872e-02
   1.5551633e-02
   7.9424340e-03
   1.2644289e-02
   1.3860044e-02
   1.2623761e-02
   1.2636881e-02
   1.0413168e-02
   1.5604568e-02
   1.1436469e-02
   1.5453386e-02
   1.3475627e-02
   1.6578602e-02
   1.8254248e-02
   1.1527416e-02
   1.8550262e-02
   9.2732506e-03
   1.2185617e-02
   1.4810900e-02
   1.4531943e-02
   1.0163760e-02
   1.1675171e-02
   8.5732989e-03
   1.4014698e-02
   1.3054256e-02
   1.2774739e-02
   1.3519570e-02
   1.6185926e-02
   1.1981976e-02
   1.1173691e-02
   9.9519246e-03
   1.3589978e-02
   1.4853453e-02
   1.2823661e-02
   1.6993275e-02
   1.0958374e-02
   2.4584496e-03
   1.5430788e-02
   1.6083440e-02
   1.1087138e-02
   9.9564383e-03
   4.7661219e-03
   1.0990165e-02
   1.4874713e-02
   1.5188427e-02
   1.2634414e-02
   1.5118936e-02
   1.1653408e-02
   1.4198839e-02
   1.2828562e-02
   1.4671831e-03
   9.3810862e-03
   1.1495952e-02
   7.6382199e-03
   9.9910562e-03
   7.8403567e-03
   1.6015965e-02
   8.6223274e-03
   1.9203835e-03
   1.0326094e-02
   1.3206828e-02
   1.1032121e-02
   1.2892793e-02
   1.4197188e-02
   8.3632248e-03
   9.0936104e-03
   1.1255181e-02
   1.5495381e-02
   2.6503061e-03
   1.1490572e-03
   1.4868449e-02
   1.4424598e-02
   1.2249399e-02
   1.2511379e-02
   2.1647957e-03
   1.3992376e-02
   1.4038530e-02
   1.2209584e-02
   1.6549429e-03
   1.4281267e-02
   1.1123033e-02
   1.1420960e-02
   1.5634448e-02
   1.7482835e-02
   1.2194045e-02
   1.2264473e-02
   9.3450485e-03
   1.4772404e-02
   1.6541504e-03
   1.6464428e-02
   1.1840916e-02
   1.4713680e-02
   5.2783199e-03
   1.9276674e-02
   1.1794298e-02
   1.0962908e-03
   1.4107116e-02
   9.4171050e-03
   1.5363664e-02
   1.5414837e-02
   5.9839048e-03
   1.7520905e-02
   5.4391089e-03
   2.1647957e-03
   1.2850429e-02
   1.3061406e-02
   1.6609553e-02
   1.4951234e-02
   1.3184548e-02
   1.0983526e-02
   1.1683477e-02
   1.6593696e-02
   1.1532523e-02
   1.3066798e-02
   1.4874697e-02
   1.3787866e-02
   1.4561578e-02
   1.4248309e-02
   1.5741259e-02
   1.3158519e-02
   1.1658927e-02
   1.4224196e-02
   1.4283301e-02
   1.3468215e-02
   1.2955464e-02
   1.6132283e-02
   1.9664364e-02
   1.3336407e-02
   1.5478507e-02
   1.6421264e-02
   1.0306864e-02
   1.1170883e-02
   1.4019342e-02
   3.6899837e-04
   1.4154934e-02
   1.3296927e-02
   1.4336836e-02
   1.5960803e-02
   9.1492676e-03
   1.1144949e-02
   1.3791700e-02
   1.6467257e-02
   3.6899837e-04
   1.2596928e-02
   5.3920816e-03
   1.6956080e-02
   1.0987374e-02
   1.4860112e-02
   1.3756287e-02
   1.6930078e-02
   1.9106617e-02
   1.4391611e-02
   1.4845346e-02
   1.4874730e-02
   1.7479013e-02
   1.0321369e-02
   1.7463052e-02
   1.4582572e-02
   1.4729036e-02
   1.1788817e-02
   1.1527044e-02
   1.4376256e-02
   1.4239622e-02
   1.2517805e-02
   3.3748292e-02
   1.4313652e-02
   1.0525590e-02
   5.4865678e-03
   1.3670634e-02
   1.3251841e-02
   1.6357571e-02
   1.0979205e-02
   1.3934913e-02
   1.6086686e-02
   1.1786797e-02
   1.3274694e-02
   1.3399018e-02
   1.7431661e-02
   1.3424242e-02
   1.4285439e-02
   9.8192562e-03
   1.9546083e-02
   1.4901557e-02
   1.4502035e-02
   1.3902049e-02
   1.2421065e-02
   1.1462062e-02
   1.3014415e-02
   1.4892518e-02
   1.1154221e-02
   1.0658305e-02
   5.0582930e-08
   1.1452465e-02
   1.2774951e-02
   1.3347805e-02
   5.0582930e-08
   1.2860190e-02
   1.4995083e-02
   1.2256675e-02
   1.3898900e-02
   1.7133050e-02
   1.3444470e-02
   1.1132342e-02
   1.0977923e-02
   1.4133976e-02
   1.2725634e-02
   1.0611819e-02
   1.8395302e-02
   1.2758071e-02
   8.3063698e-03
   1.5645465e-02
   1.2315945e-02
   1.3746992e-02
   1.2382088e-02
   1.4774561e-02
   1.5536890e-02
   1.5473401e-02
   1.4332222e-02
   1.3325544e-02
   1.6993275e-02
   1.3450405e-02
   1.2446337e-02
   1.6993275e-02
   1.4646721e-02
   1.5267631e-02
   1.3523740e-02
   1.3687418e-02
   1.1077993e-02
   9.9609228e-03
   1.5309326e-02
   1.5950802e-02
   1.0739156e-02
   1.4091221e-02
   1.4799123e-02
   1.6687740e-02
   1.7820471e-02
   1.2125482e-02
   1.3865338e-02
   1.2945270e-02
   1.2121095e-02
   1.4537280e-02
   1.4354184e-02
   1.0750610e-02
   1.1869865e-02
   1.4781224e-02
   1.0388811e-02
   1.2513873e-02
   1.2759927e-02
   8.9250813e-03
   1.2972804e-02
   4.9669550e-03
   1.2360380e-02
   1.3387947e-02
   1.4294555e-02
   1.3449053e-02
   1.1142578e-02
   1.3344689e-02
   1.3557621e-02
   1.1940120e-02
   1.7365941e-02
   1.3369513e-02
   1.2492659e-02
   1.4484150e-02
   9.8992606e-03
   1.1580925e-02
   1.4659330e-02
   1.4411647e-02
   1.5982239e-02
   1.4767809e-02
   1.5222772e-02
   1.4258396e-02
   7.1372879e-03
   1.0661763e-02
   1.3622464e-02
   2.9526475e-03
   2.9526475e-03
   1.4642602e-02
   1.0888026e-02
   1.2997610e-02
   1.3571672e-02
   2.9526475e-03
   9.3066039e-03
   1.2323360e-02
   1.1271075e-02
   1.5371960e-02
   1.3250177e-02
   1.2711407e-02
   1.4477449e-02
   9.8096674e-03
   5.5883334e-03
   9.6659129e-03
   1.4254705e-02
   1.4147983e-02
   1.6684931e-02
   1.4116558e-02
   1.3728355e-02
   1.2851244e-02
   1.3536536e-02
   1.4172374e-02
   9.3482767e-03
   1.5964842e-02
   1.2722327e-02
   1.5613214e-02
   1.4558549e-02
   1.3697096e-02
   1.2947196e-02
   1.3100411e-02
   1.6135251e-02
   1.2539282e-02
   1.5290325e-02
   9.8963234e-03
   8.7066055e-03
   1.4715683e-02
   1.1749884e-02
   1.0422177e-02
   7.0131586e-03
   1.4871412e-02
   1.0267858e-02
   1.3811741e-02
   1.5356828e-02
   1.4786851e-02
   1.0869811e-02
   1.1909186e-02
   1.5424486e-02
   1.1851559e-02
   1.2634983e-02
   1.8028709e-02
   1.2287098e-02
   4.2453391e-09
   1.3245199e-02
   1.4201019e-02
   1.3622593e-02
   1.3432544e-02
   1.2900236e-02
   1.7362420e-02
   1.3566846e-02
   4.2453391e-09
   1.3336258e-02
