   1.2283600e-01
   1.3253554e-01
   9.8271895e-02
   1.3375071e-01
   1.2499436e-01
   1.3263752e-01
   9.0297838e-02
   1.2700808e-01
   1.2468632e-01
   1.3160303e-01
   1.3545559e-01
   1.3431053e-01
   1.1274928e-01
   1.2040361e-01
   7.2006324e-02
   1.1684345e-01
   1.3951232e-01
   1.2175774e-01
   1.2274640e-01
   1.2455877e-01
   4.2091228e-02
   1.3678136e-01
   1.2821089e-01
   1.3134796e-01
   1.2889068e-01
   1.4073434e-01
   1.2345855e-01
   1.1860229e-01
   1.1333128e-01
   1.1972064e-01
   9.5615964e-02
   6.9674052e-02
   1.0356525e-01
   1.3153296e-01
   1.0409369e-01
   8.4806572e-02
   5.7307446e-03
   1.3443761e-01
   1.1596853e-01
   6.9674052e-02
   1.0079399e-01
   1.2950356e-01
   1.4859042e-01
   9.5948684e-02
   1.2195914e-01
   1.3194099e-01
   1.1890703e-01
   1.1240643e-01
   1.1694932e-01
   1.1699444e-01
   1.1835273e-01
   1.0534870e-01
   1.0814858e-01
   1.1689428e-01
   1.2238132e-01
   1.2455451e-01
   6.5949459e-02
   5.7307446e-03
   1.1351542e-01
   7.8762312e-02
   9.4453011e-02
   6.8858600e-02
   1.3022196e-01
   1.0732031e-01
   8.3604711e-02
   1.0947487e-01
   7.6849852e-02
   1.2913564e-01
   1.1522536e-02
   1.3214210e-01
   4.6001642e-02
   8.5179676e-02
   8.5807578e-02
   1.1398784e-01
   4.6001642e-02
   1.0838810e-01
   1.2028852e-01
   9.3532965e-02
   6.9338398e-02
   7.3314509e-02
   1.1353475e-02
   1.4242088e-01
   1.6452755e-01
   1.2220988e-01
   1.3271862e-01
   7.5133958e-02
   1.7677060e-01
   6.9717073e-02
   1.3222100e-01
   6.9674052e-02
   1.9330329e-01
   1.0463340e-01
   8.9979577e-02
   1.1371177e-01
   8.1508905e-02
   1.3311681e-01
   1.0351198e-01
   1.2866243e-01
   1.3277701e-01
   1.2577529e-01
   1.2737138e-01
   1.2438110e-01
   1.2247216e-01
   1.3236471e-01
   1.1981801e-01
   1.2277167e-01
   1.2162580e-01
   1.4977109e-01
   1.0885348e-01
   1.0694730e-01
   7.1393201e-02
   1.0377873e-01
   1.3440482e-01
   1.0569053e-01
   1.1522536e-02
   6.9674052e-02
   1.2760110e-01
   1.9026679e-02
   1.2996049e-01
   1.1088411e-01
   1.1744533e-01
   1.1276890e-01
   1.2790135e-01
   1.9026679e-02
   1.0330258e-01
   1.1539736e-01
   1.2947129e-01
   1.2438393e-01
   5.2199472e-02
   1.0314278e-01
   1.2398601e-01
   1.3913478e-01
   1.2308149e-01
   1.6971538e-03
   1.2246904e-01
   1.3946311e-01
   1.3172307e-01
   1.1301028e-01
   6.9160259e-02
   3.8894553e-03
   3.7131879e-02
   9.3052163e-02
   1.0216958e-01
   9.9246270e-02
   1.2643905e-01
   1.3130789e-01
   1.0011490e-01
   1.3028339e-01
   1.2226334e-01
   1.2310752e-01
   1.1150560e-01
   1.3390584e-01
   2.9935249e-03
   1.1035163e-01
   1.6129212e-01
   1.4189187e-01
   1.3013411e-01
   1.3359883e-01
   1.1687064e-01
   9.1529580e-02
   1.2375653e-01
   1.1272989e-01
   1.3368850e-01
   1.0993166e-01
   1.3804848e-01
   7.9652429e-02
   1.3928071e-01
   1.0921398e-01
   1.0673162e-01
   3.2114068e-01
   1.1941166e-01
   1.2843227e-01
   1.2167813e-01
   1.1129136e-01
   1.2233602e-01
   1.2907319e-01
   1.4047571e-01
   1.2732423e-01
   1.2953321e-01
   1.0497397e-01
   1.2410588e-01
   1.2720623e-01
   1.3222766e-01
   1.1373530e-01
   1.1542977e-01
   6.9674052e-02
   1.4365874e-01
   9.8514826e-02
   8.0001742e-02
   1.3087957e-01
   1.2719006e-01
   1.2871837e-01
   1.3389518e-01
   1.3044869e-01
   1.3128723e-01
   9.7984819e-02
   2.6848930e-01
   9.8199905e-02
   1.2828826e-01
   9.1424893e-02
   1.2915063e-01
   1.2089355e-01
   1.3245597e-01
   1.2749735e-01
   9.7929800e-02
   1.0199932e-01
   1.2950938e-01
   1.2099756e-01
   1.3404215e-01
   1.2491408e-01
   1.3127023e-01
   1.3004307e-01
   1.1241704e-01
   1.1202614e-01
   1.1055450e-01
   1.1484760e-01
   1.3424754e-01
   1.2566411e-01
   1.3544555e-01
   1.3848833e-01
   9.7484520e-02
   1.3831885e-01
   1.3096512e-01
   1.1738932e-01
   1.3419700e-01
   1.1718252e-01
   1.2894807e-01
   1.3134999e-01
   1.3235803e-01
   1.3665661e-01
   1.3782354e-01
   1.1363520e-01
   1.2766215e-01
   1.3383825e-01
   1.0245863e-01
   9.9262923e-02
   1.3290901e-01
   1.1718237e-01
   1.2903232e-01
   1.3183230e-01
   1.3691605e-01
   1.3020411e-01
   1.1075931e-01
   1.1648628e-01
   1.3449502e-01
   1.5346280e-01
   1.7150365e-01
   1.3459672e-01
   1.2623145e-01
   1.2176192e-01
   9.9753098e-02
   1.3270813e-01
   1.7538110e-01
   1.3280950e-01
   7.4837333e-02
   9.4272174e-02
   8.4088894e-02
   5.7307446e-03
   6.2179479e-02
   6.9674052e-02
   1.3046959e-01
   6.8631081e-02
   7.2556420e-02
   4.3364346e-02
   1.3081183e-01
   5.7307446e-03
   8.1410386e-03
   9.2562573e-02
   8.1410386e-03
   7.2400763e-02
   8.4106122e-02
   1.2010669e-01
   5.1604764e-02
   1.2085442e-01
   9.8155795e-02
   8.3231246e-02
   6.2301190e-02
   1.1920458e-01
   1.1219915e-01
   8.3364458e-02
   6.9674052e-02
   6.1174875e-02
   9.8942669e-02
   1.0716099e-01
   7.5254594e-02
   6.9674052e-02
   1.2042033e-01
   1.0117951e-01
   1.3814741e-01
   1.3080813e-01
   1.2040096e-01
   1.0175644e-01
   1.3449622e-01
   1.0657556e-01
   1.3543997e-01
   1.1788025e-01
   8.6849353e-02
   1.0356683e-01
   1.3340390e-01
   1.2910749e-01
   1.2600753e-01
   1.2009921e-01
   1.3087087e-01
   6.5303972e-02
   1.3314390e-01
   1.0697666e-01
   1.2131454e-01
   1.3067147e-01
   1.1236818e-01
   9.9925986e-02
   1.3464327e-01
   1.3154524e-01
   1.3649217e-01
   1.2681065e-01
   1.2521802e-01
   1.4540884e-01
   1.3345848e-01
   1.3136602e-01
   1.3017436e-01
   4.1703689e-02
   6.4974592e-02
   1.3639148e-01
   9.9663371e-02
   1.0747194e-01
   1.3429364e-01
   8.1193230e-02
   1.3074536e-01
   7.6469301e-02
   3.4080650e-02
   2.4838125e-02
   9.4890341e-02
   3.4080650e-02
   1.3744723e-01
   1.2336489e-01
   3.4080650e-02
   1.2133243e-01
   9.1258157e-02
   1.1166406e-01
   1.2521816e-01
   1.0293670e-01
   1.1421583e-01
   8.1396112e-03
   4.6001642e-02
   8.2553867e-02
   5.6907806e-02
   1.1522536e-02
   1.1619664e-01
   6.2082592e-02
   1.2361887e-01
   4.6001642e-02
   2.3807232e-02
   8.9919186e-02
   5.2071681e-02
   8.1396112e-03
   1.1102881e-01
   1.2237440e-01
   9.9948676e-02
   1.3744007e-01
   1.1482704e-01
   9.5843344e-02
   1.0365117e-01
   1.3062162e-01
   1.3085054e-01
   6.9674052e-02
   1.4119276e-01
   1.1582897e-01
   1.5020192e-01
   1.3137940e-01
   6.9674052e-02
   8.0710110e-02
   1.3266240e-01
   1.3263459e-01
   1.1654775e-01
   1.2502681e-01
   1.3389186e-01
   1.2437515e-01
   1.3179079e-01
   1.0434116e-01
   1.2499797e-01
   1.1416823e-01
   1.2849580e-01
   1.3871329e-01
   9.6768817e-02
   1.3046338e-01
   1.1922409e-01
   1.0826814e-01
   1.1153934e-01
   9.5313255e-02
   9.3285540e-02
   8.2383105e-02
   5.4060158e-04
   1.2918678e-01
   6.9710229e-02
   5.8860207e-02
   7.8513345e-02
   8.6054976e-04
   5.0313152e-02
   9.1028968e-02
   7.3814961e-02
   1.3210704e-01
   1.2522480e-01
   7.1890244e-02
   4.8379059e-02
   8.1804193e-02
   1.2866170e-01
   1.1769233e-01
   1.3503120e-01
   1.3753907e-01
   1.2556681e-01
   4.1703689e-02
   1.3295924e-01
   1.2881420e-01
   1.4855906e-01
   1.2298543e-01
   1.2194879e-01
   1.2865060e-01
   1.3300134e-01
   1.3471944e-01
   1.2077534e-01
   1.3032938e-01
   1.3396251e-01
   1.1433404e-01
   1.0321884e-01
   1.2490676e-01
   1.3287422e-01
   9.8154046e-02
   1.1335037e-01
   1.1704923e-01
   1.0471828e-01
   1.4178738e-01
   1.2235249e-01
   1.2100844e-01
   1.1312648e-01
   1.0962938e-01
   9.5649873e-02
   1.2074475e-01
   1.2345635e-01
   1.0880550e-01
   1.1395693e-01
   1.3074321e-01
   1.1575730e-01
   1.3452665e-01
   9.2941539e-02
   9.7488124e-02
   1.1392775e-01
   1.2390559e-01
   7.4106836e-02
   1.3625336e-01
   1.3161339e-01
   1.2805201e-01
   3.7131879e-02
   5.8822446e-02
   1.0322682e-01
   1.0797058e-01
   5.4060158e-04
   1.1194515e-01
   1.2987271e-01
   1.0963192e-01
   1.1742657e-01
   1.2873539e-01
   1.2932960e-01
   1.2174748e-01
   1.3901227e-01
   1.0294593e-01
   1.2398898e-01
   1.3325547e-01
   1.2022625e-01
   6.5602647e-02
   1.2668918e-01
   1.3032131e-01
   7.3259864e-04
   4.6001642e-02
   1.3008247e-01
   1.3457801e-01
   1.0255736e-01
   1.3649887e-01
   1.1755417e-01
   1.2636538e-01
   1.1180542e-01
   1.1381252e-01
   8.0798926e-02
   1.3772502e-01
   9.9267090e-02
   8.8506387e-02
   7.9430999e-02
   1.1885407e-01
   1.2933870e-01
   1.2584269e-01
   1.5650128e-01
   9.6685482e-02
   1.1262177e-01
   1.4221237e-01
   1.2663164e-01
   1.0405163e-01
   3.0811103e-02
   8.7749814e-02
   7.6999913e-02
   1.1522536e-02
   1.4384902e-02
   7.2225872e-02
   1.0261131e-01
   1.2622002e-01
   1.3498545e-01
   1.0282245e-01
   5.8046513e-02
   5.4060158e-04
   1.2493166e-01
   1.3079559e-01
   1.3235298e-01
   1.2163628e-01
   1.4297900e-01
   6.9674052e-02
   1.3685005e-01
   1.1040802e-01
   9.3838639e-02
   1.4864963e-01
   5.4060158e-04
   1.0220251e-01
   1.1717814e-01
   1.0764242e-01
   1.4212621e-01
   1.4287889e-01
   1.3447970e-01
   1.1916054e-01
   1.2563401e-01
   8.2153918e-02
   1.1518384e-01
   6.9674052e-02
   1.1924883e-01
   1.2542705e-01
   1.3219079e-01
   5.4060158e-04
   1.2271386e-01
   1.2306842e-01
   1.2535998e-01
   1.1955172e-01
   7.0631506e-02
   1.1441432e-01
   1.0683230e-01
   1.2794479e-01
   9.1497026e-02
   7.3259864e-04
   1.2238419e-01
   1.2411217e-01
   1.3074526e-01
   1.2640019e-01
   1.3537729e-01
   1.3076028e-01
   1.2048542e-01
   3.6935935e-01
   1.2893932e-01
   1.3298077e-01
   9.7584079e-02
   1.2997806e-01
   1.2130261e-01
   1.2065850e-01
   1.3144550e-01
   5.9476656e-02
   1.0218729e-01
   1.1725130e-01
   1.1692697e-01
   1.2563502e-01
   1.3200238e-01
   1.2284043e-01
   1.1525022e-01
   1.2194336e-01
   9.8348246e-02
   1.0476671e-01
   1.2887953e-01
   1.2671238e-01
   1.3054034e-01
   1.2713039e-01
   1.1880979e-01
   1.2313130e-01
   1.3464925e-01
   1.0332125e-01
   1.4181243e-01
   1.3063979e-01
   1.3837513e-01
   9.3271493e-02
   1.0982569e-01
   1.2301957e-01
   1.0947763e-01
   1.0759817e-01
   1.1290050e-01
   1.0307226e-08
   1.4978909e-01
   1.2508142e-01
   1.0519820e-01
   1.3299071e-01
   1.3719923e-01
   1.3030175e-01
   9.2135350e-02
   1.4041383e-01
   9.9778279e-02
   7.6647040e-02
   1.0593168e-01
   1.1262613e-01
   1.1161265e-01
   9.7901105e-02
   4.4121121e-02
   6.9674052e-02
   1.2717431e-01
   1.2891088e-01
   8.3389213e-02
   1.0825750e-01
   5.7307446e-03
   1.3772506e-01
   1.2303827e-01
   1.3406537e-01
   1.0663946e-01
   9.0075180e-02
   1.1625868e-01
   1.3092252e-01
   1.2451079e-01
   1.3840649e-01
   1.2657593e-01
   1.3271951e-01
   1.2751994e-01
   1.3449991e-01
   1.1575116e-01
   1.2055989e-01
   1.3032762e-01
   1.1345049e-01
   1.3748519e-01
   1.2997913e-01
   1.2997872e-01
   1.0896188e-01
   9.1443228e-02
   1.0835024e-01
   1.2196215e-01
   1.3417607e-01
   1.3165473e-01
   1.1411257e-01
   1.3672299e-01
   1.2391167e-01
   9.6270851e-02
   8.6054976e-04
   8.2065209e-02
   1.0841475e-01
   1.1806852e-01
   1.2862965e-01
   1.2118167e-01
   1.3504640e-01
   6.2655399e-02
   1.0191823e-01
   1.2507027e-01
   1.1676700e-01
   1.3589765e-01
   1.2506896e-01
   1.0427295e-01
   9.9660019e-02
   1.2578708e-01
   9.5154538e-02
   1.2306040e-01
   1.1108428e-02
   8.2377971e-02
   1.7224382e-01
   1.1547650e-01
   1.2439619e-01
   1.1287427e-01
   1.3137954e-01
   1.2683896e-01
   1.1070684e-01
   1.1270719e-01
   1.4273733e-01
   1.0902484e-01
   1.0761907e-01
   1.3707166e-01
   1.3325475e-01
   1.3636325e-01
   1.5086981e-01
   8.9185945e-02
   1.3029515e-01
   1.3975278e-01
   8.8025614e-02
   1.3009987e-01
   1.2223499e-01
   1.1800643e-01
   1.3407041e-01
   1.3138502e-01
   1.3401919e-01
   1.3613942e-01
   6.0843313e-02
   1.3749777e-01
   1.0536984e-01
   1.3121119e-01
   1.2244317e-01
   1.2246642e-01
   1.2594608e-01
   1.9026679e-02
   1.1001748e-01
   1.3431374e-01
   1.1425490e-01
   4.8379059e-02
   9.9549392e-02
   1.0308562e-01
   1.2331701e-01
   1.1906737e-01
   1.0356681e-01
   1.0374505e-01
   4.1135130e-01
   9.7600777e-02
   1.3661755e-01
   1.1523316e-01
   1.2427640e-01
   1.1152310e-01
   1.3591303e-01
   1.2521106e-01
   1.1409985e-01
   1.3359684e-01
   9.1242034e-02
   1.2361338e-01
   6.7930130e-02
   1.2240756e-01
   1.2444743e-01
   1.2005919e-01
   1.2515454e-01
   1.2283981e-01
   9.6282534e-02
   9.4108152e-02
   1.2355521e-01
   1.1360844e-01
   1.0528341e-01
   3.2114068e-01
   7.9127989e-02
   3.1821005e-02
   1.3644906e-01
   1.2989253e-01
   8.6054976e-04
   1.3510646e-01
   9.3648165e-02
   1.2989023e-01
   1.3640968e-01
   1.3244461e-01
   1.0658517e-01
   1.4865232e-01
   9.8959401e-02
   1.2647850e-01
   1.1692979e-01
   1.3585339e-01
   2.4838125e-02
   1.2276589e-01
   1.2912390e-01
   8.6054976e-04
   1.2874299e-01
   1.3451334e-01
   1.3656946e-01
   1.2772298e-01
   1.3858639e-01
   7.8256769e-02
   1.1605990e-01
   1.2778584e-01
   9.5084517e-02
   1.3222017e-01
   1.3212787e-01
   8.0808419e-02
   1.1440279e-01
   1.3579060e-01
   1.2266083e-01
   1.3646910e-01
   1.0804634e-01
   9.0568999e-02
   1.3301369e-01
   1.2714100e-01
   9.8387790e-02
   1.0113657e-01
   1.3964653e-01
   9.4567261e-02
   1.2559226e-01
   1.8383269e-02
   6.4231923e-02
   1.8383269e-02
   1.8383269e-02
   5.3129337e-02
   2.1790808e-02
   1.3131669e-01
   1.0512657e-01
   1.3590661e-01
   1.1587082e-01
   1.0378372e-01
   6.6778168e-02
   8.1362499e-02
   1.3689899e-01
   8.7554034e-02
   5.2549795e-02
   1.2846304e-01
   1.4266656e-01
   1.3727172e-01
   9.0720352e-02
   1.1175610e-01
   1.2095273e-01
   9.6709982e-02
   1.1628313e-01
   1.1887601e-01
   6.1480374e-01
   1.6577899e-01
   9.5048546e-02
   1.1269922e-01
   1.1951374e-01
   1.1300427e-01
   9.1466480e-02
   1.0967646e-01
   9.5650261e-02
   8.6054976e-04
   5.3914316e-02
   1.3018664e-01
   1.2160316e-01
   1.2951671e-01
   5.7307446e-03
   1.2885638e-01
   5.3914316e-02
   1.0397800e-01
   1.0876670e-01
   1.2497484e-01
   1.1411414e-01
   1.2377905e-01
   1.3233359e-01
   1.3285376e-01
   1.1194851e-01
   1.2161019e-01
   1.2743822e-01
   5.3292585e-02
   1.3857628e-01
   1.3036623e-01
   1.3480065e-01
   1.1593020e-01
   1.1899278e-01
   7.6267321e-02
   1.2353992e-01
   1.3083182e-01
   1.3352019e-01
   1.1092848e-01
   1.2885099e-01
   1.1653800e-01
   1.2925879e-01
   9.7874657e-02
   1.3327156e-01
   4.6632234e-02
   1.0470590e-01
   1.0845804e-01
   8.5190442e-02
   2.6382202e-02
   1.2359497e-01
   8.8982275e-02
   1.3161879e-01
   6.9674052e-02
   1.0301792e-01
   8.0736229e-02
   1.0211182e-01
   1.3766010e-01
   6.2501002e-02
   1.1565262e-01
   1.0304734e-01
   1.3974988e-01
   1.3367490e-01
   1.1975782e-01
   2.5973954e-02
   2.5973954e-02
   2.6382202e-02
   1.1440031e-01
   9.8296483e-02
   4.3558686e-02
   1.0780310e-01
   1.2848547e-01
   1.1470339e-01
   1.1362407e-01
   1.3115488e-01
   1.2477382e-01
   8.0902378e-02
   1.1611587e-01
   1.3193942e-01
   1.2415571e-01
   8.0387238e-02
   9.3371568e-02
   1.1489091e-01
   1.4311232e-01
   1.2369603e-01
   6.9674052e-02
   1.3574172e-01
   7.3259864e-04
   9.0908587e-02
   1.2355750e-01
   1.3897110e-01
   1.2022490e-01
   6.9210032e-02
   1.1052991e-01
   1.2517165e-01
   8.2666641e-02
   9.9492750e-02
   1.2645683e-01
   1.3759774e-01
   1.2965185e-01
   1.2780751e-01
   8.0749805e-02
   1.3612473e-01
   1.1756834e-01
   8.0486245e-02
   9.4133510e-02
   1.1134837e-01
   1.2576307e-01
   1.3690266e-01
   1.1801799e-01
   1.3617919e-01
   9.2414512e-02
   1.3416951e-01
   1.3613010e-01
   1.0458162e-01
   3.7240410e-02
   1.0005111e-01
   2.7955288e-01
   1.3128232e-01
   8.6088019e-02
   1.0482969e-01
   2.7188544e-04
   1.3658858e-01
   1.0886786e-01
   7.9150715e-02
   1.0434605e-01
   1.1634127e-01
   8.9145622e-02
   1.2867865e-01
   1.8957442e-04
   1.3495489e-01
   1.2897764e-01
   1.3289061e-01
   1.3567523e-01
   1.2672678e-01
   8.2783632e-02
   1.2698436e-01
   1.2936373e-01
   1.3360263e-01
   1.2318321e-01
   1.1361987e-01
   1.3051304e-01
   1.2150430e-01
   4.1703689e-02
   1.3109198e-01
   1.3863660e-01
   1.2360398e-01
   1.3068863e-01
   1.2696921e-01
   1.0300086e-01
   1.1308898e-01
   1.2616237e-01
   9.2192978e-02
   9.1835603e-02
   1.1272524e-01
   1.2434679e-01
   1.5209482e-01
   1.1655491e-01
   1.4137652e-01
   1.1231209e-01
   1.0836030e-01
   1.2448501e-01
   1.1716505e-01
   1.1800425e-01
   1.0316078e-01
   1.1106624e-01
   1.1504170e-01
   1.0135494e-01
   1.2509768e-01
   1.1908554e-01
   1.2981810e-01
   1.2522464e-01
   1.1609807e-01
   1.3103822e-01
   1.2792941e-01
   1.1961010e-01
   9.0059693e-02
   1.2359103e-01
   1.2376323e-01
   9.3281153e-02
   1.2249590e-01
   9.2090413e-02
   1.1163397e-01
   1.0373737e-01
   1.3170336e-01
   1.0307226e-08
   7.4895296e-02
   1.3751064e-01
   1.3152808e-01
   7.7030937e-02
   1.1403596e-01
   1.3332314e-01
   1.1520933e-01
   1.1484282e-01
   1.2792317e-01
   1.2638838e-01
   1.2464316e-01
   1.2924570e-01
   1.4065663e-01
   1.3222382e-01
   1.2114052e-01
   1.3295078e-01
   1.4052898e-01
   1.2845988e-01
   8.1022335e-02
   1.3378100e-01
   1.3474660e-01
   1.3189150e-01
   1.2580186e-01
   1.1390998e-01
   1.3473887e-01
   1.1966623e-01
   1.0130079e-01
   1.1271598e-01
   9.4177112e-02
   1.0496664e-01
   1.0942162e-01
   1.3620711e-01
   1.2595737e-01
   1.2906919e-01
   1.4639881e-01
   5.7278216e-02
   8.6852001e-02
   1.2456724e-01
   1.3490514e-01
   1.3336551e-01
   9.7984646e-02
   1.2093224e-01
   9.5900954e-02
   9.9412919e-02
   5.1759753e-02
   2.9935249e-03
   5.7307446e-03
   7.9785491e-02
   6.9674052e-02
   1.3314807e-01
   7.9734706e-02
   1.2529495e-01
   1.5507072e-01
   1.1708713e-01
   1.2614603e-01
   1.2178173e-01
   9.7264433e-02
   1.0907539e-01
   1.2170970e-01
   1.1034223e-01
   1.2375430e-01
   1.2830354e-01
   1.3064696e-01
   1.3145478e-01
   9.8180578e-02
   9.9769195e-02
   1.3198615e-01
   1.0408802e-01
   1.2814781e-01
   1.0436588e-01
   1.1797150e-01
   1.2728649e-01
   9.7756356e-02
   1.2979232e-01
   1.0599469e-01
   1.1646060e-01
   1.1510646e-01
   1.0319122e-01
   1.1522536e-02
   9.4498746e-02
   1.1522536e-02
   9.5652000e-02
   1.2785819e-01
   8.7524962e-02
   1.0580757e-01
   1.0383338e-01
   1.0068366e-01
   1.0575339e-01
   1.1201479e-01
   1.9604493e-01
   4.6001642e-02
   1.1480195e-01
   1.4111888e-01
   6.8918584e-02
   1.1166124e-01
   1.3182617e-01
   1.3111011e-01
   1.0831866e-01
   1.0700870e-01
   1.2555087e-01
   1.2286711e-01
   1.2209948e-01
   1.1157603e-01
   1.0991604e-01
   1.0721249e-01
   1.0329354e-01
   1.1726163e-01
   9.3242399e-02
   1.2516194e-01
   1.3623210e-01
   9.9828309e-02
   1.1808713e-01
   9.5486710e-02
   1.2044256e-01
   1.2491184e-01
   9.2929637e-02
   9.2952129e-02
   1.1015727e-01
   1.1047644e-01
   1.0642897e-01
   1.3212871e-01
   1.3513340e-01
   1.1342301e-01
   1.3311037e-01
   1.2079662e-01
   1.3435267e-01
   9.8803048e-02
   5.5971398e-02
   9.9253260e-02
   1.2414545e-01
   1.2452679e-01
   4.6001642e-02
   2.3807232e-02
   1.1823715e-01
   1.3315977e-01
   1.1522536e-02
   6.7262659e-02
   1.3044737e-01
   8.3378659e-02
   4.6001642e-02
   6.7072429e-02
   1.0527144e-01
   8.6145180e-02
   7.9629700e-02
   1.0656107e-01
   1.1353475e-02
   5.1545980e-02
   4.6001642e-02
   8.0596720e-02
   1.1021559e-01
   1.2552921e-01
   1.2812001e-01
   1.3314240e-01
   1.2373906e-01
   1.0009041e-01
   1.3523114e-01
   1.3488911e-01
   1.1672393e-01
   1.2674244e-01
   1.3553075e-01
   1.2304067e-01
   1.2742738e-01
   1.1147835e-01
   1.1831979e-01
   1.1278382e-01
   1.3113280e-01
   1.2828288e-01
   1.3057814e-01
   1.3020424e-01
   1.1037214e-01
   1.0865148e-01
   1.1360258e-01
   9.2300528e-02
   9.7759165e-02
   1.0627800e-01
   1.1273662e-01
   1.3468716e-01
   1.0159695e-01
   1.3251958e-01
   1.2448790e-01
   4.5758221e-02
   1.1927254e-01
   5.7307446e-03
   1.1216903e-01
   1.3052409e-01
   1.2652926e-01
   1.3075514e-01
   9.6887223e-02
   1.0231485e-01
   8.6054976e-04
   1.3498695e-01
   1.2263453e-01
   1.2336803e-01
   1.2094204e-01
   1.3058496e-01
   3.1176168e-02
   7.6350126e-02
   1.1543967e-01
   1.2246506e-01
   1.2149933e-01
   6.1480374e-01
   1.3537511e-01
   9.4200186e-02
   2.5973954e-02
   1.3671583e-01
   1.3541009e-01
   1.3762032e-01
   1.1945421e-01
   1.3692249e-01
   1.3652908e-01
   1.1984158e-01
   1.3087965e-01
   1.3136171e-01
   1.2983202e-01
   1.2387125e-01
   1.0820350e-01
   1.3127083e-01
   1.0904105e-01
   1.3164841e-01
   1.3930857e-01
   1.0699262e-01
   1.4174607e-01
   1.3504539e-01
   1.1850510e-01
   1.2004714e-01
   1.1654716e-01
   1.1871483e-01
   1.4100073e-01
   1.0418690e-01
   1.3993495e-01
   1.1634395e-01
   1.3825878e-01
   2.4838125e-02
   1.0895702e-01
   1.3367122e-01
   1.1563044e-01
   1.3344234e-01
   1.3050709e-01
   1.3271057e-01
   1.3300125e-01
   1.3340511e-01
   1.0507550e-01
   1.3348514e-01
   1.3134046e-01
   1.1140864e-01
   1.2573593e-01
   1.2037052e-01
   1.1442071e-01
   1.3306815e-01
   1.0426227e-01
   1.3084365e-01
   9.8395271e-02
   1.0313293e-01
   1.2344264e-01
   4.7131670e-02
   1.0537031e-01
   1.4317004e-01
   1.0199096e-01
   1.2473185e-01
   6.5861362e-02
   1.1718590e-01
   8.7223010e-02
   1.2843690e-01
   1.0827641e-01
   1.2745032e-01
   1.3331556e-01
   1.0929292e-01
   9.7568340e-02
   1.2706225e-01
   1.1760558e-01
   9.8750825e-02
   1.0704271e-01
   1.0894289e-01
   6.2553831e-02
   1.4384902e-02
   1.2753868e-01
   1.1694129e-01
   1.2232273e-01
   1.2861723e-01
   9.6471602e-02
   1.1694012e-01
   1.3034400e-01
   1.2292722e-01
   7.7623773e-02
   1.4633095e-01
   1.3085026e-01
   1.1464037e-01
   1.1295764e-01
   1.3955866e-01
   1.3318860e-01
   1.3341386e-01
   1.2695795e-01
   1.3164703e-01
   2.6848930e-01
   1.3631092e-01
   8.8246989e-02
   1.2289318e-01
   1.4074917e-02
   8.1200399e-02
   1.1430850e-01
   1.4074917e-02
   1.4182545e-01
   7.1459882e-02
   1.2618678e-01
   1.2641253e-01
   8.7824538e-02
   1.1844420e-01
   1.1611527e-01
   1.2308226e-01
   1.3012341e-01
   1.1707899e-01
   1.2936057e-01
   1.1169553e-01
   1.1464444e-01
   1.1650525e-01
   1.3593097e-01
   4.6345105e-02
   1.2547609e-01
   1.6132665e-01
   1.1773796e-01
   1.0286715e-01
   1.3163277e-01
   1.2617554e-01
   1.2025795e-01
   1.2447847e-01
   1.1356843e-01
   7.3259864e-04
   1.3658779e-01
   1.0680102e-01
   1.3163605e-01
   1.2881397e-01
   1.1766309e-01
   7.0276787e-02
   1.1522536e-02
   5.7307446e-03
   1.3313767e-01
   1.3644016e-01
   8.3506847e-02
   5.1970072e-02
   1.0852142e-01
   1.3164785e-01
   1.2536067e-01
   9.9841802e-02
   1.4549953e-01
   1.2634376e-01
   1.1006473e-01
   1.1541431e-01
   1.1038557e-01
   1.3943473e-01
   1.2512862e-01
   1.0863038e-01
   1.0912823e-01
   1.1115215e-01
   1.1842460e-01
   1.3605787e-01
   1.4026177e-01
   1.4098159e-01
   1.4147405e-01
   1.2597481e-01
   1.3006353e-01
   9.4565254e-02
   1.0243174e-01
   1.3844718e-01
   1.0099226e-01
   1.0771211e-01
   9.0124939e-02
   1.1034279e-01
   1.2704367e-01
   1.2592835e-01
   1.3293017e-01
   1.2857728e-01
   1.9166133e-03
   4.6001642e-02
   1.2985884e-01
   7.9863547e-02
   5.2379852e-02
   1.2145955e-01
   1.1522536e-02
   1.9166133e-03
   1.3069277e-01
   6.0401257e-02
   1.0344373e-01
   1.2321351e-01
   8.6396109e-02
   4.3364346e-02
   9.2585632e-02
   2.7955288e-01
   1.1005371e-01
   6.5550231e-02
   1.1720214e-01
   2.7955288e-01
   1.4688856e-01
   1.3027956e-01
   1.1508383e-01
   9.8999528e-02
   1.1692896e-01
   3.7131879e-02
   1.2612665e-01
   1.1821137e-01
   1.1348412e-01
   1.3058923e-01
   1.3994671e-01
   1.1661979e-01
   1.1808805e-01
   1.3022127e-01
   1.0465746e-01
   5.2426524e-02
   1.2675176e-01
   1.1393284e-01
   1.2856191e-01
   1.2992693e-01
   1.3377509e-01
   1.3607413e-01
   1.1613142e-01
   1.2985685e-01
   1.4389275e-01
   1.3270121e-01
   1.1092639e-01
   1.0093657e-01
   1.2429450e-01
   3.1821005e-02
   1.0294044e-01
   9.5720529e-02
   8.8015247e-02
   8.1266077e-02
   1.1857814e-01
   9.8500828e-02
   1.0253879e-01
   8.4404887e-02
   1.2486547e-01
   9.9935860e-02
   1.2408077e-01
   1.0196315e-01
   1.1618911e-01
   1.0312266e-01
   9.7651421e-02
   1.5819323e-01
   1.0646459e-01
   8.5880861e-02
   5.2534140e-02
   1.3421298e-01
   1.3131463e-01
   1.4384821e-01
   1.0710420e-01
   9.9859845e-02
   1.0183070e-01
   1.2524192e-01
   1.3086520e-01
   4.1135130e-01
   1.2590878e-01
   1.0397446e-01
   1.3801105e-01
   1.1470802e-01
   1.2975603e-01
   1.3311700e-01
   1.3279525e-01
   1.1924501e-01
   1.2050685e-01
   1.0821654e-01
   1.3142595e-01
   1.2846861e-01
   1.2340395e-01
   1.2083650e-01
   1.2920295e-01
   1.2774733e-01
   1.1701023e-01
   1.1367071e-01
   1.3274605e-01
   1.1045942e-01
   9.3017425e-02
   1.1555952e-01
   9.3321178e-02
   9.5373597e-02
   7.1638602e-02
   1.2976279e-01
   1.2479897e-01
   1.2884507e-01
   5.4596911e-02
   1.0913383e-01
   1.0276847e-01
   5.0026774e-02
   6.2148887e-02
   1.2708921e-01
   8.7186267e-02
   5.1699338e-02
   1.3283891e-01
   1.3385314e-01
   3.1821005e-02
   9.1267429e-02
   1.2963967e-01
   7.6533503e-02
   4.3558686e-02
   7.8946459e-02
   9.5566240e-02
   1.1920894e-01
   1.2811877e-01
   9.6911120e-02
   1.3686770e-01
   9.3749720e-02
   1.0094101e-01
   1.0894116e-01
   1.0847094e-01
   1.2840761e-01
   7.6592148e-02
   8.0778279e-02
   1.1684764e-01
   1.3269445e-01
   1.1346574e-01
   1.3456955e-01
   1.0143499e-01
   1.3906863e-01
   7.7058590e-02
   1.2788554e-01
   9.6461039e-02
   1.2684185e-01
   1.2751186e-01
   8.9748552e-02
   1.0065362e-01
   1.2410570e-01
   1.2532021e-01
   4.6001642e-02
   1.2485115e-01
   1.2821875e-01
   1.2614355e-01
   1.3130726e-01
   1.2693464e-01
   1.1876667e-01
   1.2952495e-01
   9.3032784e-02
   1.3185876e-01
   1.2634015e-01
   1.3747377e-01
   1.1351611e-01
   1.2503374e-01
   1.2704415e-01
   8.6261810e-02
   1.3223561e-01
   1.2402294e-01
   7.2379492e-02
   9.7790898e-02
   1.0361781e-01
   1.2281798e-01
   1.0500434e-01
   1.4132056e-01
   1.2180505e-01
   1.5895303e-01
   1.3944793e-01
   1.3832322e-01
   1.5059908e-01
   1.2094294e-01
   1.1002086e-01
   6.1879267e-02
   3.2368436e-02
   2.4004939e-02
   6.9674052e-02
   3.2368436e-02
   6.9674052e-02
   4.6001642e-02
   4.9912535e-02
   1.1861890e-01
   1.0352746e-01
   1.1929012e-01
   5.9412616e-02
   6.2501002e-02
   9.9895181e-02
   3.0732831e-02
   1.2181279e-01
   1.2254927e-01
   1.1555797e-01
   3.0732831e-02
   1.3081814e-01
   1.2472662e-01
   5.3331409e-02
   1.9517578e-02
   1.2300243e-01
   9.8308147e-02
   1.1353475e-02
   8.6014640e-02
   1.1353475e-02
   1.6921208e-02
   1.8383269e-02
   1.2204127e-01
   1.2892862e-01
   1.3507263e-01
   1.3022406e-01
   1.2955736e-01
   1.2284476e-01
   1.2866457e-01
   1.3027639e-01
   1.4072407e-01
   1.2882898e-01
   1.3229303e-01
   1.0590567e-01
   1.2661281e-01
   1.0362278e-01
   1.3985648e-01
   1.2999924e-01
   8.7116265e-02
   1.3799583e-01
   1.3441162e-01
   1.2406682e-01
   1.1072398e-01
   1.2819172e-01
   1.3565297e-01
   7.4894486e-02
   1.3650219e-01
   1.3087660e-01
   1.2968489e-01
   5.7307446e-03
   1.0684186e-01
   1.0970240e-01
   1.2012780e-01
   1.2384941e-01
   4.6008274e-02
   1.2942245e-01
   5.1536910e-02
   1.1913753e-01
   6.2523074e-02
   1.2499455e-01
   1.2804677e-01
   1.3141629e-01
   1.3041061e-01
   1.2840149e-01
   1.2700104e-01
   5.7307446e-03
   1.1354150e-01
   1.0002359e-01
   8.7574267e-02
   5.7307446e-03
   1.0598657e-01
   6.2894319e-02
   1.2445796e-01
   1.0926189e-01
   5.7307446e-03
   1.2798235e-01
   5.7430636e-02
   1.3296929e-01
   1.1382800e-01
   1.2932120e-01
   6.8592857e-02
   1.0184815e-01
   1.2453386e-01
   1.2743340e-01
   8.7624595e-02
   1.2578610e-01
   9.2158014e-02
   1.2690326e-01
   9.8592148e-02
   1.1974930e-01
   1.3544842e-01
   1.1055539e-01
   4.6001642e-02
   1.3069525e-01
   1.3111407e-01
   1.3384229e-01
   1.1075260e-01
   1.4297981e-01
   1.2811914e-01
   1.3760249e-01
   1.1323047e-01
   1.3369127e-01
   1.2264777e-01
   1.0935492e-01
   1.1193976e-01
   1.0208145e-01
   1.3089185e-01
   1.2833231e-01
   1.3422185e-01
   1.1350007e-01
   1.1594065e-01
   1.1149503e-01
   1.3649518e-01
   1.2911350e-01
   1.0340743e-01
   8.8062287e-02
   1.0093040e-01
   1.2493409e-01
   1.3184654e-01
   9.4177975e-02
   9.8428327e-02
   1.1034984e-01
   1.2101959e-01
   1.2554562e-01
   7.4459595e-02
   1.1023912e-01
   1.2798061e-01
   1.0507748e-01
   1.2515687e-01
   5.7307446e-03
   1.1103001e-01
   1.3349733e-01
   1.0020498e-01
   1.2024104e-01
   1.0259183e-01
   1.3339813e-01
   1.3246083e-01
   1.3621037e-01
   7.4435530e-02
   1.3278025e-01
   9.5741416e-02
   1.2928231e-01
   2.7955288e-01
   1.3369311e-01
   1.4456657e-01
   1.3713177e-01
   1.2525082e-01
   8.4698980e-02
   7.6389285e-02
   1.3003118e-01
   1.1251911e-01
   1.1240653e-01
   1.1661160e-01
   2.2192649e-02
   8.0766414e-02
   1.1221941e-01
   1.2314156e-01
   1.1395550e-01
   2.3361979e-05
   4.3558686e-02
   2.2192649e-02
   9.6283110e-02
   1.3356663e-01
   1.3054169e-01
   1.2871537e-01
   1.0338423e-01
   1.3015045e-01
   1.0982454e-01
   1.2396551e-01
   1.1960827e-01
   1.2688549e-01
   1.1444721e-01
   1.2736830e-01
   1.0403677e-01
   1.1764311e-01
   1.0009241e-01
   1.3074671e-01
   1.1870181e-01
   6.9674052e-02
   1.0962229e-01
   1.4887018e-01
   8.3133757e-02
   5.1863702e-02
   1.3234306e-01
   1.3654339e-01
   1.5927365e-09
   1.1142921e-01
   1.2387642e-01
   1.3224817e-01
   1.4158268e-01
   8.0064124e-02
   1.1386933e-01
   1.1400303e-01
   1.3452752e-01
   1.3453967e-01
   1.3824085e-01
   4.6001642e-02
   1.3456089e-01
   1.2452655e-01
   1.0812690e-01
   1.4203741e-01
   6.3596001e-02
   4.6001642e-02
   1.3174176e-01
   1.3146329e-01
   8.0897886e-02
   1.4204720e-01
   1.2857843e-01
   1.2931132e-01
   1.2743071e-01
   1.2271134e-01
   1.0351777e-01
   6.2148887e-02
   8.6681443e-02
   1.3663656e-01
   1.2650153e-01
   1.1964677e-01
   1.3793924e-01
   1.3588369e-01
   1.2883006e-01
   1.3200578e-01
   1.3768883e-01
   1.1236436e-01
   6.9674052e-02
   1.1318480e-01
   1.1783498e-01
   1.1102839e-01
   1.1268938e-01
   1.1654193e-01
   1.0604980e-01
   1.3637002e-01
   6.7587120e-02
   9.0148394e-07
   1.2803415e-01
   1.2965563e-01
   1.2452648e-01
   1.1976198e-01
   1.3717170e-04
   9.0148394e-07
   1.2699588e-01
   1.3290226e-01
   1.2264817e-01
   1.3717170e-04
   9.0148394e-07
   1.0492715e-01
   1.2090854e-01
   5.7139674e-02
   1.1512343e-01
   1.1177225e-01
   1.2127364e-01
   1.2267164e-01
   1.1480285e-01
   8.2673347e-02
   1.3191848e-01
   1.0964925e-01
   1.3142915e-01
   1.0534030e-01
   6.4999170e-02
   1.2726635e-01
   1.1428498e-01
   1.2128968e-01
   6.9674052e-02
   1.3384296e-01
   7.9843125e-02
   1.2920778e-01
   1.4461617e-01
   1.3468177e-01
   1.3907269e-01
   1.2130740e-01
   1.2468660e-01
   1.1911895e-01
   1.2969805e-01
   1.4156154e-01
   9.8212183e-02
   1.2915472e-01
   3.5382177e-02
   1.0420618e-01
   1.2795523e-01
   5.7307446e-03
   1.4703042e-01
   5.1139814e-02
   1.3306083e-01
   7.6789863e-02
   1.2824413e-01
   1.4323338e-01
   1.2761922e-01
   1.1338410e-01
   1.3349024e-01
   9.0374437e-02
   9.3086779e-02
   1.5416560e-01
   9.6741314e-02
   9.5835592e-02
   6.9674052e-02
   1.2915454e-01
   1.2288351e-01
   1.2233890e-01
   1.3379002e-01
   8.2118119e-02
   1.3785891e-01
   1.4297276e-01
   1.1371229e-01
   9.1637939e-02
   4.1896788e-02
   1.1539671e-01
   1.2412143e-01
   1.3855206e-01
   1.0730026e-01
   9.3615268e-02
   1.1477701e-01
   1.2877512e-01
   1.4003627e-01
   1.0297386e-01
   1.3195518e-01
   2.0629536e-03
   1.5672626e-01
   8.6354835e-02
   1.2755778e-01
   1.2463844e-01
   1.3036280e-01
   1.0284748e-01
   1.3022264e-01
   1.2938742e-01
   5.7307446e-03
   1.2597950e-01
   1.1967388e-01
   1.3061204e-01
   1.1047068e-01
   4.0542544e-01
   1.3228781e-01
   1.2978057e-01
   1.3323491e-01
   1.3892049e-01
   1.0944010e-01
   1.3648122e-01
   7.5484443e-02
   1.2477267e-01
   1.5756006e-01
   1.2285875e-01
   1.2852150e-01
   1.5248022e-01
   1.2201277e-01
   1.2082251e-01
   1.2567596e-01
   1.0586880e-01
   8.1527902e-02
   9.0709257e-02
   1.2996056e-01
   1.3107432e-01
   1.1335279e-01
   1.3578449e-01
   1.2398013e-01
   1.3268783e-01
   1.2693842e-01
   1.3616583e-01
   1.0572923e-01
   1.0055364e-01
   1.3002423e-01
   1.2034893e-01
   1.2390826e-01
   8.5983397e-02
   1.2045963e-01
   6.0034716e-02
   1.0665812e-01
   1.3616220e-01
   1.3085054e-01
   1.2260631e-01
   1.2401575e-01
   1.1172977e-01
   1.3811009e-01
   1.1999899e-01
   1.2956026e-01
   8.3782014e-02
   1.2527535e-01
   1.2964202e-01
   8.6396109e-02
   1.1357680e-01
   1.5483747e-01
   1.3498500e-01
   1.3633152e-01
   1.2565105e-01
   1.1786925e-01
   1.1577654e-01
   1.2087916e-01
   1.0974027e-01
   1.2633826e-01
   1.1210424e-01
   1.2291769e-01
   1.1579631e-01
   1.2608980e-01
   1.3326799e-01
   1.3750221e-01
   1.3831952e-01
   1.2082008e-01
   8.2720491e-02
   1.3444219e-01
   5.8534073e-02
   1.2945417e-01
   1.5048349e-01
   6.1010220e-05
   1.1761053e-01
   1.3287573e-01
   1.2470075e-01
   8.3399015e-02
   1.0793228e-01
   1.2523061e-01
   1.1613973e-01
   9.5360883e-02
   1.3116673e-01
   1.0623510e-01
   1.2446023e-01
   1.1501342e-01
   6.1010220e-05
   1.2622159e-01
   1.0441991e-01
   1.1893629e-01
   1.3178573e-01
   1.1899667e-01
   1.2071345e-01
   9.6696330e-02
   1.1102110e-01
   1.1893910e-01
   9.7753013e-02
   1.0132395e-01
   1.1933692e-01
   1.2654168e-01
   1.3345010e-01
   1.0742382e-01
   1.1399837e-01
   6.8344628e-02
   7.8152480e-02
   1.0297753e-01
   1.2169766e-01
   1.2889894e-01
   1.0355540e-01
   1.2943250e-01
   1.7453750e-03
   1.2713570e-01
   9.0207400e-02
   1.5115480e-01
   1.1123518e-01
   3.7131879e-02
   1.1513065e-01
   1.2606023e-01
   1.1879711e-01
   6.9569223e-02
   1.0614133e-01
   1.7453750e-03
   1.4511639e-02
   1.0006134e-01
   1.3631472e-01
   1.3271548e-01
   1.2661705e-01
   1.0423209e-01
   1.4014438e-01
   1.3138330e-01
   1.1372305e-01
   1.4479235e-01
   9.8298807e-02
   1.2372859e-01
   1.2720085e-01
   1.1502560e-01
   1.2944108e-01
   1.1575736e-01
   1.2658666e-01
   1.3504729e-01
   7.3058628e-02
   1.2040206e-01
   1.3869264e-01
   1.2022881e-01
   1.2890272e-01
   1.1949422e-01
   1.3220834e-01
   1.1692336e-01
   1.2577979e-01
   1.2987099e-01
   1.3688812e-01
   1.0771830e-01
   1.3059674e-01
   1.2888765e-01
   1.4133502e-01
   1.3381118e-01
   1.3318415e-01
   1.2983694e-01
   1.3212412e-01
   1.1942685e-01
   1.2209878e-01
   1.2164559e-01
   1.2029858e-01
   1.2840514e-01
   1.2231199e-01
   1.1988737e-01
   1.2365096e-01
   5.7307446e-03
   1.3485363e-01
   1.3068110e-01
   1.2238463e-01
   1.5024189e-01
   3.2114068e-01
   1.3230136e-01
   1.3147998e-01
   1.0042299e-01
   1.3011139e-01
   1.4168401e-01
   8.6096820e-02
   1.3564592e-01
   1.3841545e-01
   1.3556831e-01
   1.2599489e-01
   1.2764957e-01
   1.3368118e-01
   1.3130505e-01
   1.4511639e-02
   9.3631461e-02
   9.8335876e-02
   1.3473492e-01
   8.0530980e-02
   1.1320255e-01
   8.9835077e-02
   1.4790946e-01
   6.5328345e-02
   9.0071051e-02
   1.2843775e-01
   6.9674052e-02
   1.3092794e-01
   8.4274295e-02
   5.7990581e-02
   8.9753371e-02
   1.3293625e-01
   1.3086084e-01
   6.9589848e-03
   1.2514302e-01
   1.2973189e-01
   1.2935926e-01
   3.7240410e-02
   1.3231614e-01
   7.5169984e-02
   8.3675627e-02
   1.1490231e-01
   1.3658834e-01
   2.0629536e-03
   1.3492127e-01
   1.2714439e-01
   1.3084376e-01
   1.3222695e-01
   1.3331370e-01
   4.5466879e-03
   5.5819500e-02
   1.0156320e-01
   1.2720975e-01
   1.2209263e-01
   9.1942798e-02
   1.2983425e-01
   5.7307446e-03
   1.2995990e-01
   6.0843313e-02
   6.9674052e-02
   5.2426524e-02
   1.1753590e-01
   1.4511639e-02
   4.9759131e-02
   1.0786493e-01
   1.3274352e-01
   1.1193741e-01
   1.1198003e-01
   1.4687331e-01
   8.5915362e-02
   1.2589087e-01
   1.1437101e-01
   9.6723736e-02
   1.2556705e-01
   1.3085806e-01
   1.1352007e-01
   1.3123168e-01
   1.5291039e-01
   9.7571398e-02
   1.1851229e-01
   1.3326275e-01
   1.2304829e-01
   5.7357894e-02
   1.0737440e-01
   1.3811285e-01
   2.6155796e-02
   1.2978454e-01
   1.2357618e-01
   4.3558686e-02
   1.2166440e-01
   1.2857707e-01
   1.2777730e-01
   1.2760843e-01
   1.1624775e-01
   1.0474650e-01
   1.1124689e-01
   5.0494817e-02
   1.2947940e-01
   8.4486880e-02
   6.9674052e-02
   5.7113742e-04
   7.4004271e-02
   1.3078744e-01
   4.7012711e-08
   1.3427505e-01
   4.7012711e-08
   1.3022922e-01
   9.2580973e-04
   1.1922125e-01
   9.2580973e-04
   9.8024869e-02
   5.7113742e-04
   4.7012711e-08
   1.1353475e-02
   1.1920641e-01
   8.3072657e-02
   1.2369113e-01
   1.2648666e-01
   1.1127113e-01
   1.2886659e-01
   3.1176168e-02
   1.3321604e-01
   8.0237231e-02
   8.7970230e-02
   1.0628943e-01
   9.9945159e-02
   1.3664753e-01
   1.2065420e-01
   1.3910920e-01
   1.2385203e-01
   1.3115649e-01
   9.5247472e-02
   1.2871263e-01
   1.6231973e-01
   6.0936008e-02
   1.2515377e-01
   1.2979306e-01
   1.4050245e-01
   1.2849293e-01
   1.0650381e-01
   1.2287477e-01
   1.3097015e-01
   1.2023640e-01
   1.0079089e-01
   1.1620869e-01
   1.2371224e-01
   1.1015918e-01
   1.3367926e-01
   1.2179085e-01
   9.1341186e-02
   9.9595052e-02
   1.3348496e-01
   1.3429087e-01
   1.2867586e-01
   8.6751916e-02
   1.2894430e-01
   1.2117164e-01
   1.3439338e-01
   1.0201966e-01
   1.1393853e-01
   1.2195471e-01
   1.0836746e-01
   4.5117157e-03
   7.5717728e-02
   1.3669478e-01
   4.5117157e-03
   1.2920276e-01
   1.2291964e-01
   1.0232474e-01
   1.2535060e-01
   1.1974079e-01
   8.8706799e-05
   8.0414964e-02
   2.4838125e-02
   8.8706799e-05
   1.3471402e-01
   1.4722345e-01
   1.0167117e-01
   9.9063263e-02
   8.1671604e-02
   1.1167899e-01
   1.6133554e-01
   1.0040982e-01
   1.3708236e-01
   1.1239096e-01
   1.1931771e-01
   1.6226146e-01
   1.3980145e-01
   1.2882007e-01
   1.3337128e-01
   1.3098920e-01
   8.9068249e-02
   1.2552380e-01
   8.8937340e-02
   5.7307446e-03
   8.8739988e-02
   1.3037165e-01
   1.2410769e-01
   1.2805400e-01
   1.4327031e-01
   8.9068249e-02
   2.6848930e-01
   1.2784521e-01
   1.3641276e-01
   1.0841188e-01
   1.2776864e-01
   5.6907930e-02
   1.2175870e-01
   9.9862709e-02
   1.3535828e-01
   1.3351896e-01
   1.3871138e-01
   9.3867313e-02
   1.1291124e-01
   1.3360213e-01
   1.3402793e-01
   9.5035938e-02
   1.2964183e-01
   1.3199107e-01
   1.1306454e-01
   1.2601689e-01
   1.3532336e-01
   1.3371710e-01
   1.3594855e-01
   1.2615407e-01
   1.2972851e-01
   1.1103326e-01
   1.1148159e-01
   1.1415298e-01
   1.0269673e-01
   1.0872065e-01
   1.0760791e-01
   1.0148229e-01
   1.2314037e-01
   1.1250392e-01
   1.3168817e-01
   1.2569263e-01
   1.3099537e-01
   1.4140859e-01
   1.2893610e-01
   1.3617354e-01
   1.2676936e-01
   1.3167118e-01
   1.2119567e-01
   1.1852153e-01
   1.2905276e-01
   1.1422801e-01
   9.2235491e-02
   1.3331547e-01
   9.9340373e-02
   1.0923097e-01
   8.9096548e-02
   9.0297196e-02
   1.3352143e-01
   1.3487341e-01
   1.2735902e-01
   1.2683515e-01
   1.0275638e-01
   1.3624451e-01
   1.1895418e-01
   1.1336471e-01
   9.9707326e-02
   1.1278538e-01
   6.4231923e-02
   1.1500946e-01
   6.8463778e-02
   6.9674052e-02
   1.3481122e-01
   1.2396781e-01
   1.3810644e-01
   1.3026924e-01
   1.2902933e-01
   5.6802287e-02
   1.3646594e-01
   1.3297493e-01
   1.3713748e-01
   5.7307446e-03
   1.2659161e-01
   1.2560534e-01
   7.7410539e-02
   5.1417941e-02
   1.2728472e-01
   1.2706528e-01
   1.2632047e-01
   1.5223604e-01
   4.3364346e-02
   8.9120297e-02
   1.1868771e-01
   7.3547308e-02
   5.7307446e-03
   5.0009575e-02
   9.7431144e-02
   1.2720050e-01
   1.0711058e-01
   6.6921054e-02
   9.6887654e-02
   1.0898164e-01
   6.8298923e-02
   8.5309745e-02
   1.3493224e-01
   1.0187110e-01
   1.2196209e-01
   8.8659029e-02
   7.5420455e-02
   1.2826129e-01
   1.0670133e-01
   8.0806014e-02
   1.5086736e-01
   6.9674052e-02
   1.0996960e-01
   1.2707783e-01
   1.3948439e-01
   1.0739537e-01
   9.8491828e-02
   1.1612207e-01
   1.2142958e-01
   1.3574661e-01
   1.4507383e-01
   1.2645442e-01
   1.2102523e-01
   2.1790808e-02
   8.7038873e-02
   1.1438880e-01
   1.1085201e-01
   1.3085054e-01
   8.0608919e-02
   7.0572396e-02
   6.9674052e-02
   5.7307446e-03
   4.5758221e-02
   1.0384448e-01
   1.1727477e-01
   6.9674052e-02
   1.2271359e-01
   1.4285611e-01
   1.2253743e-01
   8.5249768e-02
   1.6179562e-01
   9.1969838e-02
   9.7253767e-02
   8.8431407e-02
   1.1012308e-01
   1.0460768e-01
   1.2431348e-01
   1.2328806e-01
   1.1591362e-01
   1.2955113e-01
   1.1472471e-01
   1.2718893e-01
   8.6826152e-02
   1.1944943e-01
   1.3774521e-01
   8.9571634e-02
   1.3512585e-01
   9.4953054e-02
   1.5900856e-02
   3.1443033e-02
   7.0015543e-02
   1.0148534e-01
   1.2152956e-01
   1.2386865e-01
   1.0480370e-01
   4.6284031e-03
   2.2447161e-03
   1.2669657e-01
   1.3543184e-01
   1.0160232e-01
   3.1821005e-02
   1.2537162e-01
   5.6008314e-02
   6.5861362e-02
   1.2342175e-01
   5.8822446e-02
   8.2733103e-02
   1.1549973e-01
   1.3049956e-01
   4.1684237e-02
   1.4454215e-01
   1.0652851e-01
   1.3092837e-01
   8.9864123e-02
   1.2443757e-01
   1.3294862e-01
   1.1353475e-02
   1.1744093e-01
   1.3521074e-01
   8.0335074e-02
   1.2369949e-01
   1.2533146e-01
   1.1263797e-01
   1.1881266e-01
   1.2951439e-01
   8.9077100e-02
   1.3682952e-01
   1.3184742e-01
   1.0273066e-01
   1.2511994e-01
   1.1840137e-01
   4.8379059e-02
   1.1033060e-01
   9.2934749e-02
   1.2328263e-01
   1.1883811e-01
   1.1734475e-01
   7.9390958e-02
   8.9156457e-02
   1.1231069e-01
   1.1572028e-01
   1.2667309e-01
   5.5750085e-02
   6.9674052e-02
   8.2779876e-02
   8.4658530e-02
   1.3098321e-01
   1.1022986e-01
   1.1016951e-01
   1.2585096e-01
   1.0572397e-01
   1.3224764e-01
   1.6921208e-02
   3.1821005e-02
   3.1821005e-02
   1.3077885e-01
   1.3077525e-01
   1.3057210e-01
   1.2681020e-01
   1.1041630e-01
   9.8129838e-02
   1.2779854e-01
   1.2884426e-01
   1.4287738e-01
   1.0858150e-01
   1.1058234e-01
   1.2646732e-01
   1.3939083e-01
   1.2891696e-01
   1.2140802e-01
   3.1772233e-01
   6.1689419e-01
   1.1653826e-01
   1.5083692e-01
   1.2145997e-01
   1.2819055e-01
   1.2625733e-01
   1.3829344e-01
   1.0045631e-01
   5.1002499e-02
   1.2754165e-01
   1.2458081e-01
   6.9674052e-02
   8.2942343e-02
   1.0927193e-01
   1.2490336e-01
   6.9674052e-02
   7.5597410e-02
   1.3372936e-01
   8.9436244e-02
   1.2801650e-01
   1.1107954e-01
   1.1539816e-01
   1.0698903e-01
   1.1471335e-01
   1.1550221e-01
   1.2020017e-01
   1.0854117e-01
   1.0755599e-01
   9.5051925e-02
   3.1888796e-02
   1.1030133e-01
   1.1082620e-01
   7.4032426e-02
   6.7325120e-02
   8.8354470e-02
   1.2860263e-01
   3.6846022e+00
   1.3550621e-01
   1.2653850e-01
   1.1839143e-01
   1.3683949e-01
   1.2431419e-01
   1.5568170e-01
   1.2955802e-01
   1.1295670e-01
   1.2676095e-01
   1.2003295e-01
   1.2919516e-01
   1.2234801e-01
   1.2452423e-01
   9.3779388e-02
   1.2552916e-01
   1.2773471e-01
   1.2202216e-01
   1.3301271e-01
   1.2594681e-01
   1.3660345e-01
   9.4008883e-02
   1.2038854e-01
   1.2487291e-01
   7.0290780e-02
   1.1348804e-01
   1.4407691e-01
   1.0856972e-01
   1.3393541e-01
   1.2831567e-01
   8.4291018e-02
   1.3554702e-01
   1.3095850e-01
   9.4048945e-02
   1.3051651e-01
   9.8168283e-02
   1.3641233e-01
   1.1721431e-01
   1.0589823e-01
   1.3822440e-01
   1.3068370e-01
   7.4887895e-02
   1.3324555e-01
   1.2757761e-01
   1.4038714e-01
   1.3294050e-01
   1.2909954e-01
   1.7284306e-01
   1.2290101e-01
   7.4919430e-02
   1.2810929e-01
   1.3797081e-01
   1.2574811e-01
   1.2852188e-01
   1.3622699e-01
   1.3081419e-01
   1.2800725e-01
   1.3035484e-01
   1.3438693e-01
   1.3724687e-01
   1.1565431e-01
   9.2793153e-02
   1.1383289e-01
   1.1296570e-01
   7.1924708e-03
   1.3750448e-01
   1.2538207e-01
   4.8379059e-02
   3.1821005e-02
   4.3988963e-02
   8.9010419e-02
   1.2403335e-01
   7.1924708e-03
   1.1821021e-01
   1.1300954e-01
   1.3428740e-01
   8.1655303e-02
   5.7231169e-02
   1.1112925e-01
   1.3222629e-01
   9.3286241e-02
   1.1874907e-01
   1.2683486e-01
   1.2418568e-01
   1.3379835e-01
   8.1035843e-02
   1.1975031e-01
   1.3303632e-01
   1.2270550e-01
   1.2112018e-01
   1.2963653e-01
   1.2838185e-01
   1.1130541e-01
   1.2276477e-01
   7.0276787e-02
   1.2477439e-01
   5.9902725e-02
   1.3993519e-01
   6.2953288e-02
   1.2156948e-01
   1.2587568e-01
   1.2712444e-01
   1.3136255e-01
   1.1674241e-01
   1.0379727e-01
   9.2988217e-02
   1.3135943e-01
   1.3171887e-01
   1.2661419e-01
   1.3252070e-01
   1.2728545e-01
   1.0012056e-01
   1.4466235e-01
   9.6098091e-02
   1.3687595e-01
   1.2784034e-01
   1.3007015e-01
   1.2768735e-01
   6.9851846e-02
   1.1680072e-01
   8.3904497e-02
   9.7029225e-02
   1.2309895e-01
   1.3292903e-01
   1.3147609e-01
   1.3956085e-01
   1.1864893e-01
   1.4059891e-01
   1.4122361e-01
   1.1505974e-01
   1.2744100e-01
   1.2478161e-01
   1.3086744e-01
   1.2239653e-01
   1.3728331e-01
   1.3611866e-01
   1.6266130e-01
   1.3824951e-01
   1.3087900e-01
   1.2719800e-01
   1.2692549e-01
   1.2535225e-01
   1.4822297e-01
   1.3354476e-01
   1.3624779e-01
   1.4771819e-01
   1.3360211e-01
   1.1612693e-01
   1.3281486e-01
   1.3933852e-01
   1.3080895e-01
   9.4072685e-02
   1.1674856e-01
   1.2888202e-01
   1.2670031e-01
   1.4287674e-01
   1.2717310e-01
   1.2094301e-01
   1.1596894e-01
   1.1768283e-01
   1.2904001e-01
   9.9302015e-02
   1.3408581e-01
   1.2754728e-01
   1.1901314e-01
   1.2534888e-01
   1.2481277e-01
   9.1305822e-02
   1.2652139e-01
   1.3834045e-01
   1.3261148e-01
   1.2777097e-01
   1.3383836e-01
   1.0920328e-01
   1.3673033e-01
   1.2080348e-01
   1.4191434e-01
   1.3943979e-01
   1.2081139e-01
   1.3404018e-01
   1.2930754e-01
   1.2346501e-01
   1.3858031e-01
   1.3159676e-01
   1.3162054e-01
   1.3442878e-01
   1.4017761e-01
   1.2921335e-01
   1.3934382e-01
   1.2617708e-01
   1.3321421e-01
   1.2746926e-01
   1.0603349e-01
   1.0671491e-01
   1.0785033e-01
   1.2303643e-01
   1.2797599e-01
   1.2863376e-01
   1.1533113e-01
   5.7377416e-02
   1.2202464e-01
   1.2048232e-01
   1.1408984e-01
   1.1477168e-01
   6.7323939e-02
   1.3663517e-01
   5.7577932e-02
   9.3600278e-02
   8.3379131e-02
   1.3385008e-01
   6.9674052e-02
   1.1192371e-01
   6.9674052e-02
   9.8254374e-02
   7.9747681e-02
   1.6921208e-02
   9.5181911e-02
   5.7307446e-03
   5.2821235e-02
   4.1896788e-02
   1.3028700e-01
   2.1790808e-02
   1.3581320e-01
   1.8383269e-02
   8.0234067e-02
   6.9674052e-02
   1.0876431e-01
   8.5652535e-02
   1.3755700e-01
   1.1122653e-01
   4.9862221e-02
   1.3068786e-01
   8.9676246e-02
   9.8706831e-02
   9.7775908e-02
   1.2535834e-01
   9.3081986e-02
   1.1107652e-01
   1.1421957e-01
   1.1502876e-01
   9.4525753e-02
   3.5382177e-02
   1.1594106e-01
   1.2393681e-01
   1.1825600e-01
   1.0456962e-01
   1.3288954e-01
   7.2712162e-02
   1.2197345e-01
   1.1261768e-01
   1.1319068e-01
   1.0287493e-01
   8.4198652e-02
   9.1188240e-02
   4.7123102e-02
   1.0113005e-01
   1.4868942e-01
   5.3129337e-02
   7.4013432e-02
   4.6001642e-02
   5.7307446e-03
   8.4304191e-02
   6.5602647e-02
   7.7241294e-02
   1.3071629e-01
   8.1961673e-02
   6.9674052e-02
   8.1922762e-02
   1.4022102e-01
   1.3242819e-01
   1.3114428e-01
   1.4384902e-02
   5.7307446e-03
   1.1236622e-01
   1.0211717e-01
   1.4384902e-02
   1.2426932e-01
   5.6964364e-02
   1.2597360e-01
   1.2937519e-01
   1.2983485e-01
   4.9518137e-02
   1.2790844e-01
   4.8597685e-02
   8.0122501e-02
   4.8597685e-02
   2.3361979e-05
   6.8536745e-02
   1.3712794e-01
   1.3004716e-01
   2.3361979e-05
   1.1675533e-01
   1.3990381e-01
   1.3357158e-01
   9.6755982e-02
   1.3699320e-01
   1.1318513e-01
   1.0734346e-01
   1.0414403e-01
   8.0597023e-02
   8.5290375e-02
   1.0598197e-01
   1.2944888e-01
   1.6065763e-01
   1.1507056e-01
   1.2967764e-01
   1.2861548e-01
   8.4728087e-02
   1.2025209e-01
   7.1837506e-02
   6.9674052e-02
   1.2350098e-01
   1.1553531e-01
   1.1018766e-01
   1.0472309e-01
   9.7645626e-02
   6.7793755e-02
   4.6001642e-02
   3.1888796e-02
   3.1176168e-02
   6.2929568e-02
   1.3613646e-01
   8.7136446e-02
   4.9836734e-02
   9.3832968e-02
   1.3820779e-01
   1.3452070e-01
   1.1936534e-01
   1.1025854e-01
   1.3654102e-01
   1.3657577e-01
   1.0518444e-01
   1.2944799e-01
   1.0592003e-01
   1.2974095e-01
   1.2538071e-01
   1.3250589e-01
   9.8576850e-02
   1.1445704e-01
   1.2763557e-01
   1.2533307e-01
   1.1470781e-01
   1.5927365e-09
   1.2799413e-01
   1.2638515e-01
   1.2637077e-01
   1.3101432e-01
   1.0569824e-01
   1.3083161e-01
   1.3190747e-01
   1.1594381e-01
   1.1529419e-01
   1.2411138e-01
   1.3625007e-01
   8.7243237e-02
   5.2008563e-02
   1.1947659e-01
   1.4424693e-01
   7.5183296e-02
   1.2270280e-01
   1.2341754e-01
   1.0212447e-01
   1.3009106e-01
   1.3396171e-01
   1.5974942e-01
   1.3163992e-01
   8.4198652e-02
   1.3962662e-01
   1.3201373e-01
   1.5927365e-09
   1.3214917e-01
   1.3488068e-01
   1.2422220e-01
   8.7223010e-02
   1.2727332e-01
   1.3504217e-01
   1.3786243e-01
   1.0816475e-01
   1.2764414e-01
   1.2800397e-01
   1.3625610e-01
   1.2234218e-01
   1.4855121e-01
   9.8111343e-02
   1.5394079e-01
   1.2405211e-01
   4.1684237e-02
   1.2220929e-01
   1.1935216e-01
   7.5275413e-02
   1.2643528e-01
   1.1862913e-01
   9.4715205e-02
   1.1789229e-01
   1.0674841e-01
   1.1546070e-01
   1.1122243e-01
   1.2416365e-01
   1.4384902e-02
   1.0571432e-01
   2.1790808e-02
   5.2821235e-02
   9.3553338e-02
   1.1890150e-01
   1.3350770e-01
   1.1733839e-01
   1.3232060e-01
   1.2268466e-01
   1.2560763e-01
   1.2457439e-01
   1.1565134e-01
   1.3031198e-01
   1.0983601e-01
   1.4072337e-01
   1.3735585e-01
   1.3269180e-01
   7.1393201e-02
   1.4166210e-01
   1.2166014e-01
   1.4380103e-01
   1.2803073e-01
   1.3549407e-01
   1.2381830e-01
   1.2488408e-01
   1.5043674e-01
   1.1199489e-01
   1.2247683e-01
   1.1461167e-01
   1.2946093e-01
   1.1875361e-01
   9.1279390e-02
   7.1324679e-02
   1.4673607e-01
   1.1277915e-01
   9.6246355e-02
   9.9145102e-02
   1.1623536e-01
   1.1288624e-01
   1.1750635e-01
   1.0953950e-01
   1.1502543e-01
   1.0505959e-01
   1.1621611e-01
   9.8350714e-02
   1.2158314e-01
   5.8352539e-02
   1.1793714e-01
   8.4163108e-02
   1.3021955e-01
   1.9517578e-02
   5.7307446e-03
   1.2894656e-01
   8.0812430e-02
   1.3180074e-01
   5.4951190e-02
   1.1353475e-02
   1.1353475e-02
   1.2918224e-01
   1.0808373e-01
   1.2838509e-01
   8.8107062e-02
   6.0447756e-02
   1.4494959e-01
   1.2073772e-01
   2.5973954e-02
   5.1536910e-02
   5.7307446e-03
   1.2937635e-01
   3.7131879e-02
   1.1593705e-01
   1.2384450e-01
   5.0479876e-02
   1.2753011e-01
   1.4366137e-01
   1.1489165e-01
   1.1808336e-01
   1.0690918e-01
   1.2887888e-01
   1.3611769e-01
   1.4423924e-01
   1.3158334e-01
   1.2062032e-01
   1.3744487e-01
   1.3436537e-01
   1.2305698e-01
   1.3498730e-01
   1.3081185e-01
   1.1493429e-01
   1.2973668e-01
   1.2837406e-01
   1.1259001e-01
   1.1552498e-10
   1.3724128e-01
   1.4069483e-01
   6.9674052e-02
   1.1586360e-01
   1.2581724e-01
   1.1494543e-01
   1.4139960e-01
   8.2227789e-05
   1.0783899e-01
   1.0051730e-01
   1.1690830e-01
   1.2092081e-01
   1.0895367e-01
   1.1325960e-01
   9.1508214e-02
   1.3341399e-01
   1.1770926e-01
   1.2956428e-01
   1.4095314e-01
   1.1937300e-01
   1.2429249e-01
   1.2911651e-01
   6.9674052e-02
   1.3894094e-01
   9.8494962e-02
   1.2015751e-01
   1.3013659e-01
   1.3392774e-01
   8.9862599e-02
   9.8879568e-02
   1.4033073e-01
   8.2227789e-05
   1.2357890e-01
   1.2904923e-01
   2.8068028e-02
   1.2954782e-01
   1.1715579e-01
   3.6935935e-01
   1.0424458e-01
   1.1185870e-01
   8.5150968e-02
   1.3696722e-01
   9.3986917e-02
   1.0279709e-01
   1.0786125e-01
   6.8909780e-02
   1.0936906e-01
   9.5692376e-02
   1.1918024e-01
   8.3849672e-02
   7.6431138e-02
   7.7674077e-02
   1.3820950e-01
   1.2608582e-01
   1.2777964e-01
   1.1301203e-01
   8.2227789e-05
   1.2913694e-01
   1.2238545e-01
   1.2061974e-01
   1.1075833e-01
   8.6985498e-02
   1.2815834e-01
   8.1183520e-02
   1.0325903e-01
   9.2934749e-02
   9.7208676e-02
   8.6267106e-02
   1.3575366e-01
   1.2381669e-01
   8.9805181e-02
   1.3205819e-01
   1.3063617e-01
   1.1763953e-01
   1.3604408e-01
   1.2031960e-01
   8.8829076e-02
   1.3410575e-01
   1.3169754e-01
   1.2695531e-01
   1.0053664e-01
   1.3673341e-01
   7.2760776e-02
   1.3037398e-01
   1.3181777e-01
   1.0811908e-01
   1.3011194e-01
   9.7556422e-02
   1.3083838e-01
   1.2004046e-01
   1.3464521e-01
   1.3139384e-01
   9.3202022e-02
   1.3444006e-01
   4.1425286e-01
   1.1294035e-01
   1.9925196e-04
   3.2114068e-01
   1.2469869e-01
   1.9925196e-04
   8.5850530e-02
   1.4519394e-01
   1.3256712e-01
   1.5244138e-01
   1.5498557e-01
   1.0650785e-01
   1.4862627e-01
   1.3520545e-01
   1.0851224e-01
   1.1847946e-01
   1.4119588e-01
   1.2304958e-01
   1.2854501e-01
   1.2500639e-01
   1.2606244e-01
   1.1145704e-01
   1.1582515e-01
   1.2263565e-01
   9.7117512e-02
   1.1712023e-01
   1.3778833e-01
   6.7410197e-02
   2.2458221e-02
   1.5900856e-02
   5.2240642e-02
   1.1354430e-01
   4.6001642e-02
   3.5964409e-04
   1.3625336e-01
   4.9231499e-02
   1.5900856e-02
   3.5964409e-04
   9.2048557e-02
   5.1824088e-02
   8.7737945e-02
   1.1355044e-01
   1.0238162e-01
   6.6784477e-02
   1.2714091e-01
   1.3348630e-01
   1.3527054e-01
   8.9092754e-02
   1.0276616e-01
   1.1653726e-04
   1.2207948e-01
   1.3151233e-01
   1.1653726e-04
   1.3024347e-01
   1.2829852e-01
   1.2756398e-01
   1.2848277e-01
   1.1653726e-04
   1.2069471e-01
   1.0871856e-01
   1.2146529e-01
   1.1160869e-01
   9.8732092e-02
   8.8485571e-02
   1.4183872e-01
   1.2233579e-01
   5.7307446e-03
   2.4004939e-02
   9.2264668e-02
   1.2196469e-01
   1.3288287e-01
   6.9674052e-02
   1.2882091e-01
   1.3049823e-01
   1.0488226e-01
   7.4928286e-02
   1.2240730e-01
   1.2720598e-01
   1.2591894e-01
   5.0433054e+01
   1.0971023e-01
   1.3388566e-01
   8.1431357e-02
   1.3601639e-01
   1.3478516e-01
   1.2984986e-01
   1.2606420e-01
   1.3177117e-01
   1.2328561e-01
   8.7401373e-09
   1.2945823e-01
   1.2845736e-01
   1.3113173e-01
   1.3081070e-01
   1.3187678e-01
   4.6213831e-02
   1.2081774e-01
   1.1353475e-02
   1.4136401e-01
   3.6935935e-01
   9.8683205e-02
   7.2023137e-02
   1.2720624e-01
   3.3959228e-02
   3.3959228e-02
   1.2954778e-01
   1.2270623e-01
   1.3143218e-01
   1.3204450e-01
   1.3380001e-01
   1.3715813e-01
   1.3561964e-01
   6.2501002e-02
   1.3074573e-01
   1.2602706e-01
   8.6020826e-02
   1.2033717e-01
   5.2534140e-02
   8.3673063e-02
   1.0839737e-01
   1.0988891e-01
   1.3719436e-01
   1.4110171e-01
   1.0135030e-01
   1.3073251e-01
   2.7994519e-10
   1.3194274e-01
   1.2787990e-01
   8.7401373e-09
   1.3647903e-01
   1.3081392e-01
   1.0164267e-01
   1.1957454e-01
   9.4078368e-02
   8.7529037e-02
   1.2576528e-01
   5.1936107e-02
   1.2922536e-01
   1.2378731e-01
   6.9674052e-02
   1.2086291e-01
   8.6465339e-02
   4.1684237e-02
   7.9947998e-02
   1.3112710e-01
   1.3540244e-01
   8.1591472e-02
   1.1870689e-01
   1.2371063e-01
   1.2773133e-01
   1.2959845e-01
   1.2347919e-01
   1.0742337e-01
   1.1171656e-01
   1.3628982e-01
   1.1821262e-01
   1.2197232e-01
   1.4799505e-01
   1.3307759e-01
   1.1077224e-01
   1.3353108e-01
   9.8211465e-02
   1.2431767e-01
   1.2519453e-01
   1.1800413e-01
   1.3041829e-01
   1.2389967e-01
   1.2040390e-01
   1.2967919e-01
   8.1243967e-02
   1.1728329e-01
   1.1879830e-01
   1.2930802e-01
   1.0806243e-01
   1.1871712e-01
   1.3074187e-01
   1.3005437e-01
   1.2231031e-01
   1.1019561e-01
   1.3198857e-01
   9.4187798e-02
   1.3177956e-01
   1.1784382e-01
   5.7307446e-03
   1.2940659e-01
   1.2842809e-01
   1.0935117e-01
   1.2741980e-01
   1.1114302e-01
   1.2156690e-01
   1.1135321e-01
   1.1165927e-01
   1.0041483e-01
   1.2461930e-01
   1.2527857e-01
   1.1965507e-01
   8.2941737e-02
   1.3625199e-01
   1.0107758e-01
   1.3871093e-01
   2.6848930e-01
   1.1636733e-01
   1.3188703e-01
   1.3198101e-01
   1.3201560e-01
   1.4711198e-01
   1.1147341e-01
   1.2972431e-01
   1.2579553e-01
   1.2990501e-01
   9.9239988e-02
   2.3291724e-03
   4.0542544e-01
   1.2095121e-01
   1.3174593e-01
   1.2045384e-01
   3.0844649e-03
   1.2903821e-01
   1.1522536e-02
   3.1772233e-01
   1.2226967e-01
   1.2616588e-01
   1.4220743e-01
   1.1354992e-01
   1.3773890e-01
   1.3668099e-01
   7.4435530e-02
   1.1449654e-01
   1.5522174e-01
   1.2864985e-01
   1.3813566e-01
   1.3154771e-01
   3.2114068e-01
   1.3943945e-01
   1.0160110e-01
   1.3077799e-01
   1.1040906e-01
   1.2689527e-01
   1.1013661e-01
   8.4608923e-02
   1.5400411e-01
   1.3322912e-01
   1.4039149e-01
   9.8626366e-02
   1.3277041e-01
   1.3321028e-01
   1.3093796e-01
   1.1172898e-01
   1.0699086e-01
   1.1988633e-01
   1.3274157e-01
   1.2981015e-01
   1.0914184e-01
   1.1596329e-01
   1.2043006e-01
   6.5892920e-02
   1.1313522e-01
   1.2795922e-01
   1.1605915e-01
   1.3036406e-01
   1.1552498e-10
   1.1278165e-01
   1.0632471e-01
   1.2085772e-01
   1.3959422e-01
   7.3464177e-02
   1.1653002e-01
   1.0261795e-01
   1.3734273e-01
   1.3280878e-01
   1.2061595e-01
   1.3428963e-01
   1.3368918e-01
   1.0854073e-01
   1.4018300e-01
   8.1923152e-02
   1.2943033e-01
   1.2563306e-01
   1.0690162e-01
   1.0607794e-01
   1.2788720e-01
   1.1602494e-01
   1.2585685e-01
   9.0934005e-02
   1.0384998e-01
   1.2823366e-01
   8.9359995e-02
   1.3992372e-01
   1.4073166e-01
   1.3684786e-01
   1.2283718e-01
   9.4875369e-02
   6.8302825e-02
   1.3842850e-01
   1.1531656e-01
   9.9808788e-02
   1.3091332e-01
   1.3425194e-01
   1.3328479e-01
   1.3463183e-01
   1.3111999e-01
   1.2597692e-01
   1.2960528e-01
   1.3060119e-01
   1.2221219e-01
   1.2894929e-01
   1.3084068e-01
   1.3300866e-01
   1.2998894e-01
   1.1157387e-01
   1.1086230e-01
   1.0567989e-01
   7.8408641e-02
   2.6341117e-02
   1.2878544e-01
   1.1327291e-01
   1.2142782e-01
   1.1594751e-01
   1.0756513e-01
   1.1616624e-01
   1.1557490e-01
   1.2367515e-01
   1.3186977e-01
   1.0926219e-10
   1.5528781e-01
   1.3181196e-01
   4.1896788e-02
   1.2439607e-01
   1.3706934e-01
   1.6050392e-02
   1.1577300e-01
   1.2107321e-01
   1.1992005e-01
   1.6050392e-02
   1.0926219e-10
   1.3149558e-01
   1.0361347e-01
   1.3002829e-01
   1.3029904e-01
   1.3014414e-01
   1.3342554e-01
   1.1457476e-01
   1.0663875e-01
   1.1668985e-01
   1.1799485e-01
   2.9935249e-03
   8.1513945e-02
   1.2630622e-01
   4.3364346e-02
   1.3389158e-01
   9.7391249e-02
   5.2379852e-02
   1.3042908e-01
   1.2911241e-01
   1.3071622e-01
   1.2232069e-01
   1.2733009e-01
   1.3560116e-01
   1.2254682e-01
   1.2938469e-01
   1.3023180e-01
   1.2957201e-01
   1.3562684e-01
   1.2696553e-01
   1.3466395e-01
   1.3532337e-01
   1.2305526e-01
   1.3400997e-01
   1.1773664e-01
   1.0933254e-01
   9.8672990e-02
   9.1954580e-02
   1.1547433e-01
   1.1165285e-01
   1.1616932e-01
   1.2814720e-01
   1.3471229e-01
   1.3618995e-01
   1.2635407e-01
   9.4319466e-02
   1.2157357e-01
   1.0772820e-01
   1.1909824e-01
   1.1981604e-01
   1.0680799e-01
   1.1324072e-01
   6.9148267e-02
   1.1368346e-01
   1.3942559e-01
   1.0404726e-01
   6.0973631e-02
   1.9517578e-02
   5.7307446e-03
   1.1088477e-01
   1.2011663e-01
   5.2210732e-02
   6.3212804e-02
   1.2645228e-01
   1.2194074e-01
   3.2368436e-02
   5.7307446e-03
   6.1879267e-02
   1.4212427e-01
   1.0675538e-01
   1.2782547e-01
   1.0714621e-01
   1.2270688e-01
   1.3830856e-01
   1.1487640e-01
   1.4065660e-01
   1.3720516e-01
   1.3073252e-01
   1.0940024e-01
   1.2520156e-01
   1.3424956e-01
   1.3935896e-01
   1.2156318e-01
   8.8959308e-02
   1.3328068e-01
   3.4448337e-03
   1.0181060e-01
   3.4448337e-03
   1.3029969e-01
   1.3480551e-01
   9.9876477e-02
   3.4448337e-03
   6.1879267e-02
   1.2642222e-01
   6.5949459e-02
   1.2411518e-01
   3.4448337e-03
   1.1522307e-01
   1.2684660e-01
   1.3395605e-01
   1.1784491e-01
   1.3058276e-01
   8.9892148e-02
   3.7240410e-02
   1.3555567e-01
   1.2510207e-01
   1.3031223e-01
   1.4976157e-01
   1.3291359e-01
   1.3199746e-01
   1.4597026e-01
   1.3461406e-01
   1.3662506e-01
   1.1399352e-01
   1.3054667e-01
   3.2114068e-01
   1.2254123e-01
   1.0866480e-01
   1.2362952e-01
   9.4730260e-02
   1.2487371e-01
   1.2716027e-01
   1.0096625e-01
   1.1332348e-01
   2.8068028e-02
   1.2885130e-01
   9.4858103e-02
   8.2227789e-05
   1.3199494e-01
   9.6478162e-02
   9.3749905e-02
   1.1581040e-01
   1.1401296e-01
   9.6605716e-02
   1.2523818e-01
   1.4088291e-01
   7.8045613e-02
   1.1857942e-01
   1.0118721e-01
   5.7307446e-03
   9.3162169e-02
   4.9186517e-02
   8.2950844e-02
   1.2602935e-01
   5.7307446e-03
   7.0710454e-02
   1.0356168e-01
   6.9674052e-02
   1.2948113e-01
   6.1401576e-02
   6.1641710e-02
   5.6871666e-02
   1.2339665e-01
   1.3702942e-01
   9.5048271e-02
   1.9459124e+00
   5.0128712e-02
   1.3741043e-01
   1.2842344e-01
   3.7131879e-02
   1.3135180e-01
   7.8598902e-02
   1.1853709e-01
   3.1176168e-02
   1.3508660e-01
   1.1381152e-01
   1.3085025e-01
   7.6345473e-02
   6.2813970e-02
   1.1552498e-10
   6.9674052e-02
   1.3002337e-01
   2.5973954e-02
   1.3763161e-01
   1.3160886e-01
   1.1162576e-01
   1.1246874e-01
   1.1323568e-01
   1.1582882e-01
   1.3022648e-01
   1.3809473e-01
   1.3042410e-01
   1.2759883e-01
   1.2195387e-01
   1.1185737e-01
   1.1218586e-01
   1.3224272e-01
   5.2289915e-02
   1.2673556e-01
   1.1367354e-01
   1.1273698e-01
   8.9767101e-02
   1.3671376e-01
   8.0885623e-02
   1.3723444e-01
   1.3132434e-01
   1.2520850e-01
   1.4098069e-01
   1.4012894e-01
   1.2311067e-01
   1.1954196e-01
   9.8269999e-02
   1.3823590e-01
   1.2096187e-01
   1.3228237e-01
   2.7994519e-10
   1.2565472e-01
   1.3471761e-01
   1.1564555e-01
   1.2761301e-01
   1.1179997e-01
   1.3346262e-01
   9.1039450e-02
   1.3456592e-01
   5.1934352e-02
   1.2835993e-01
   1.2953437e-01
   1.0553395e-01
   1.2157012e-01
   5.1936107e-02
   1.2706949e-01
   1.1591449e-01
   1.1296477e-01
   1.2566064e-01
   1.1321206e-01
   1.2314480e-01
   1.1114251e-01
   1.4799246e-01
   1.3064009e-01
   1.0327543e-01
   1.3001403e-01
   1.2360629e-01
   1.2108533e-01
   1.2851220e-01
   1.3046958e-01
   1.3190333e-01
   1.3310430e-01
   1.2397615e-01
   1.3363716e-01
   1.3014590e-01
   1.3421601e-01
   5.7307446e-03
   1.1730408e-01
   1.2068890e-01
   1.2689004e-01
   1.2550200e-01
   9.4134800e-02
   1.6921208e-02
   1.3564352e-01
   1.4708360e-01
   8.3713320e-02
   1.3984401e-01
   7.5656727e-02
   1.0028283e-01
   4.6345105e-02
   5.7307446e-03
   1.1813543e-01
   2.9935249e-03
   7.5768054e-02
   1.2837751e-01
   5.6959046e-02
   1.2815819e-01
   1.3607087e-01
   6.9674052e-02
   1.3114484e-01
   1.2695290e-01
   2.6648686e-03
   1.3021858e-01
   1.4124036e-01
   1.3183293e-01
   1.1845340e-01
   1.2985809e-01
   1.0580380e-01
   2.6648686e-03
   1.1124972e-01
   1.4026553e-01
   1.2604681e-01
   1.2033252e-01
   1.3128542e-01
   1.0646933e-01
   1.2504590e-01
   1.1910410e-01
   1.1321891e-01
   1.0861668e-01
   6.3078658e-02
   1.1783320e-01
   1.3409113e-01
   1.3329282e-01
   1.2214560e-01
   9.4262730e-02
   9.7195524e-02
   1.2457620e-01
   1.2168620e-01
   1.1550370e-01
   1.0235391e-01
   1.6165431e-01
   1.1353475e-02
   3.2368436e-02
   1.2940471e-01
   1.1462920e-01
   1.1884301e-01
   8.8588734e-02
   1.0860687e-01
   1.2625502e-01
   1.0335365e-01
   1.3497410e-01
   8.0591273e-02
   1.3973095e-01
   1.1860007e-01
   1.3029763e-01
   1.2596942e-01
   1.2502483e-01
   9.9374870e-02
   1.2565645e-01
   1.3624777e-01
   1.1519689e-01
   1.2111409e-01
   1.1517686e-01
   1.2857245e-01
   1.3251876e-01
   1.2989564e-01
   1.2430608e-01
   9.7495631e-02
   1.1649468e-01
   1.3117265e-01
   1.2948961e-01
   1.1266759e-01
   1.1721902e-01
   1.1134429e-01
   8.0684612e-02
   1.2104924e-01
   1.3017816e-01
   1.0810133e-01
   1.0922006e-01
   1.0717276e-01
   1.4518309e-01
   1.3458813e-01
   7.0399864e-02
   2.5973954e-02
   1.1023597e-01
   1.2965778e-01
   1.2843560e-01
   1.3076454e-01
   1.0495880e-01
   1.5926166e-01
   1.1172963e-01
   1.1998040e-01
   1.2104503e-01
   1.4046724e-01
   1.1539140e-01
   1.3596413e-01
   1.2153931e-01
   1.3227600e-01
   1.3143433e-01
   1.1479741e-01
   1.1223879e-01
   5.5819500e-02
   1.2439809e-01
   1.0185425e-01
   1.1613774e-01
   9.2702256e-02
   1.0920807e-01
   9.0638231e-02
   1.0568126e-01
   6.5602647e-02
   1.2412462e-01
   1.3124402e-01
   1.3350218e-01
   1.3085054e-01
   1.3919471e-01
   1.3215732e-01
   8.8558110e-02
   1.2538851e-01
   1.3086167e-01
   1.2340526e-01
   1.4480652e-01
   1.2150964e-01
   1.1919733e-01
   1.1790578e-01
   1.2429850e-01
   1.0506995e-01
   1.8665024e-01
   1.4759279e-01
   1.2988355e-01
   1.3380263e-01
   1.1421889e-01
   1.4513396e-01
   1.1787680e-01
   1.2892650e-01
   9.7410168e-02
   1.2786619e-01
   1.1277370e-01
   1.2675519e-01
   8.5745639e-02
   1.0716308e-01
   1.0143009e-01
   1.0481941e-01
   1.2942758e-01
   1.1381021e-01
   1.0820241e-01
   9.7869004e-02
   1.0863945e-01
   1.2508446e-01
   1.3145839e-01
   1.0777461e-01
   1.3576662e-01
   1.2484838e-01
   1.0795478e-01
   1.2313941e-01
   1.3091921e-01
   8.2475120e-02
   1.3881955e-01
   7.7867581e-02
   1.0965770e-01
   1.4414398e-01
   1.2719343e-01
   5.7307446e-03
   1.0989300e-01
   7.9734706e-02
   9.8582240e-02
   6.8978123e-02
   1.1338397e-01
   6.9674052e-02
   8.2652058e-02
   7.2271566e-02
   4.3364346e-02
   6.9674052e-02
   1.3855701e-01
   1.2383325e-01
   1.3015871e-01
   1.2856631e-01
   1.3174313e-01
   6.3596001e-02
   1.2721566e-01
   1.2759902e-01
   1.3527834e-01
   1.2240096e-01
   1.2424055e-01
   1.3729341e-01
   3.6935935e-01
   1.2467234e-01
   1.0584472e-01
   1.3222170e-01
   1.5049657e-01
   1.3891194e-01
   9.5225273e-02
   1.3672567e-01
   1.1875661e-01
   1.2373133e-01
   1.0942413e-01
   1.5234765e-01
   1.3003929e-01
   1.0150760e-01
   1.1413534e-01
   1.0475985e-01
   1.3269804e-01
   9.3420645e-02
   1.3346659e-01
   1.0725571e-01
   1.1728367e-01
   1.1898635e-01
   1.2893318e-01
   8.6696419e-02
   1.0878242e-01
   6.9674052e-02
   9.8652156e-02
   1.3585879e-01
   1.0093422e-01
   1.3048791e-01
   9.6908165e-02
   1.2819170e-01
   1.0691800e-01
   6.5861362e-02
   1.3223044e-01
   1.2342477e-01
   1.1252615e-01
   1.3001161e-01
   9.0143022e-02
   1.0471490e-01
   1.2357306e-01
   3.0811103e-02
   1.0640396e-01
   1.2867946e-01
   1.0583302e-01
   5.1604764e-02
   3.6935935e-01
   1.2881713e-01
   9.9015864e-02
   1.0788750e-01
   1.1165335e-01
   1.1073194e-01
   1.1500865e-01
   1.1022309e-01
   1.2767762e-01
   1.0863522e-01
   1.0643587e-01
   1.3082041e-01
   1.1655913e-01
   1.1511874e-01
   1.2580279e-01
   1.2722418e-01
   1.0147138e-01
   1.1504410e-01
   1.3025809e-01
   1.2398862e-01
   1.0703591e-01
   1.2978962e-01
   1.3147624e-01
   1.2322544e-01
   1.1522536e-02
   1.2558197e-01
   1.3007538e-01
   9.0573412e-04
   9.3344921e-02
   1.2908199e-01
   1.2685481e-01
   1.1026746e-01
   1.2464318e-01
   9.0573412e-04
   1.1091121e-01
   1.2537031e-01
   1.2049592e-01
   1.3377925e-01
   1.4111624e-01
   1.1904790e-01
   1.2310756e-01
   1.1914201e-01
   1.3839870e-01
   1.2431075e-01
   1.3149641e-01
   1.1328895e-01
   1.1657888e-01
   1.2969141e-01
   1.0947641e-01
   1.2268045e-01
   1.3012011e-01
   1.3489700e-01
   1.3417905e-01
   1.1006388e-01
   1.3277769e-01
   1.1025533e-01
   1.1231178e-01
   1.2824884e-01
   2.6848930e-01
   1.3193235e-01
   1.3094838e-01
   9.8762430e-02
   1.3196811e-01
   1.2814350e-01
   1.3167386e-01
   1.3538674e-01
   1.1704421e-01
   1.0851916e-01
   1.4007186e-01
   1.3054494e-01
   1.0809979e-01
   2.9301317e-02
   1.3941651e-01
   1.3178660e-01
   1.3015439e-01
   1.1225910e-01
   1.0544497e-01
   1.1060523e-01
   1.0513967e-01
   1.2826129e-01
   1.2703536e-01
   8.6792932e-02
   1.2090977e-01
   1.0310830e-01
   1.1315682e-01
   1.3119676e-01
   2.9301317e-02
   1.3305809e-01
   1.1148213e-01
   1.2775538e-01
   3.7240410e-02
   1.2321208e-01
   1.3041388e-01
   1.3091718e-01
   1.2173531e-01
   5.2289915e-02
   1.1634387e-01
   1.1511481e-01
   1.9264970e-02
   7.8373718e-02
   1.2815167e-01
   1.4016708e-01
   1.2512398e-01
   1.2165806e-01
   1.4647216e-01
   1.5109086e-01
   1.1056588e-01
   1.0650907e-01
   1.3194222e-01
   7.5913304e-03
   9.8393014e-02
   1.1208724e-01
   1.3067700e-01
   7.5913304e-03
   9.0693019e-02
   4.6001642e-02
   1.2927498e-01
   1.2463442e-01
   1.1527626e-01
   1.2133019e-01
   9.3850156e-02
   1.2722034e-01
   1.1164601e-01
   8.1029754e-02
   4.6001642e-02
   1.2484942e-01
   1.2956186e-01
   1.1156587e-01
   1.2988246e-01
   1.2998075e-01
   1.3868621e-01
   1.0768812e-01
   1.3188418e-01
   1.3198215e-01
   4.6008274e-02
   1.1727082e-01
   4.8380029e-02
   1.3530001e-01
   1.7549600e-01
   1.3837539e-01
   1.3506318e-01
   2.4680659e-01
   1.2770765e-01
   1.3183892e-01
   1.2686041e-01
   8.6021947e-02
   1.2557814e-01
   2.6848930e-01
   1.2976754e-01
   1.3590895e-01
   1.3714567e-01
   4.8380029e-02
   4.6001642e-02
   2.6848930e-01
   1.3408675e-01
   1.1580520e-01
   9.3356998e-02
   1.2134261e-01
   1.3042156e-01
   1.2593805e-01
   1.2341376e-01
   9.8749083e-02
   5.1759753e-02
   1.2846791e-01
   1.4504147e-01
   1.2981668e-01
   1.2194632e-01
   1.1990456e-01
   8.8220898e-02
   1.3390212e-01
   1.2277077e-01
   1.3330136e-01
   1.3140061e-01
   1.3081566e-01
   1.3130559e-01
   1.3641602e-01
   1.2498212e-01
   1.2851524e-01
   1.2276832e-01
   1.2439962e-01
   1.3410639e-01
   1.1871301e-01
   1.3534108e-01
   1.1242840e-01
   1.1592829e-01
   1.3906581e-01
   1.3323537e-01
   1.1501422e-01
   9.7999567e-02
   1.0818569e-01
   1.0083881e-01
   1.0807268e-01
   3.0926921e-02
   1.3495833e-01
   1.3667337e-01
   7.4106256e-02
   1.9517578e-02
   1.0363276e-01
   9.5054990e-02
   8.3943222e-02
   1.0842699e-01
   6.5536328e-02
   1.2802431e-01
   1.2882169e-01
   1.1534847e-01
   4.9862360e-02
   1.2479639e-01
   1.3645037e-01
   1.2981328e-01
   1.2890487e-01
   1.2367602e-01
   9.5272707e-02
   1.0873904e-01
   9.9701781e-02
   1.2646667e-01
   8.7926065e-02
   8.3472036e-02
   8.7474096e-02
   1.1343462e-01
   1.2885909e-01
   5.7307446e-03
   7.8044282e-02
   1.3352470e-01
   1.3579648e-01
   1.2687762e-01
   6.9674052e-02
   4.8042769e-02
   1.3052934e-01
   1.2455525e-01
   1.0085766e-01
   1.2978683e-01
   1.6179562e-01
   1.2387145e-01
   1.1374394e-01
   9.6274623e-02
   1.3072563e-01
   5.9955281e-02
   1.3323984e-01
   1.0244503e-01
   1.0496789e-01
   1.1245733e-01
   1.2101918e-01
   1.1730047e-01
   8.2065354e-02
   8.8374225e-02
   1.1515183e-01
   1.3697164e-01
   1.1236893e-01
   1.3804084e-01
   1.0384189e-01
   1.1990397e-01
   1.2308960e-01
   1.1279121e-01
   1.2981030e-01
   1.2178272e-01
   1.3265239e-01
   1.2570125e-01
   1.0776316e-01
   1.2182225e-01
   1.3197731e-01
   1.1544055e-01
   1.3384788e-01
   1.2578807e-01
   1.2768755e-01
   1.2302638e-01
   1.2294582e-01
   1.1356383e-01
   1.1853986e-01
   1.2947893e-01
   1.1604838e-01
   1.1522536e-02
   1.1902409e-01
   1.0858784e-01
   1.2752072e-01
   1.0059943e-01
   1.1082703e-01
   1.1742090e-01
   1.2839583e-01
   1.0660719e-01
   1.0927633e-01
   1.2074664e-01
   1.0872262e-01
   5.3154124e-02
   8.3359291e-02
   1.3635162e-01
   1.3400650e-01
   1.1377133e-01
   1.3249314e-01
   8.3030102e-02
   1.3185335e-01
   1.2610768e-01
   5.3154124e-02
   1.4058652e-01
   1.1147325e-01
   1.2964233e-01
   1.1219606e-01
   9.0928199e-02
   1.1535361e-01
   1.0284222e-01
   9.8988035e-02
   1.0282270e-01
   1.2714368e-01
   1.2607680e-01
   1.2798722e-01
   1.3001199e-01
   1.2937579e-01
   1.1546338e-01
   1.2269235e-01
   1.4188323e-01
   1.3049328e-01
   7.8829005e-02
   1.1193578e-01
   1.1169466e-01
   1.3625300e-01
   1.1144051e-01
   1.5719835e-01
   1.4347549e-01
   1.4281739e-01
   1.3986020e-01
   1.3887420e-01
   1.2225288e-01
   1.2268422e-01
   1.3063223e-01
   9.2102257e-02
   1.3316388e-01
   1.2807697e-01
   1.3359837e-01
   1.2740576e-01
   1.3151943e-01
   1.1605862e-01
   1.1605535e-01
   9.1544652e-02
   1.4331240e-01
   1.0673814e-01
   1.1181872e-01
   1.3737494e-01
   1.6695151e-01
   1.1258929e-01
   1.1893907e-01
   9.0967379e-02
   1.1500916e-01
   1.0177570e-01
   4.5766845e-02
   3.0991763e-02
   6.9674052e-02
   3.0991763e-02
   5.7307446e-03
   5.7307446e-03
   4.5758221e-02
   1.2618386e-01
   1.2836501e-01
   1.1740800e-01
   1.5914962e-01
   1.3060642e-01
   1.3570437e-01
   1.1865903e-01
   1.1832373e-01
   1.2944158e-01
   1.0751631e-01
   1.3848534e-01
   1.3728968e-01
   1.1325036e-01
   1.3739114e-01
   9.7437302e-02
   8.2970998e-02
   1.0883380e-01
   5.5958329e-02
   5.7307446e-03
   1.1089152e-01
   1.2979215e-01
   1.7547227e-01
   1.2540566e-01
   1.2173039e-01
   8.3497788e-02
   1.2582902e-01
   1.1362810e-01
   1.2518769e-01
   1.2656592e-01
   1.2537415e-01
   1.3633227e-01
   1.1502611e-01
   1.0418950e-01
   1.2280694e-01
   6.7928888e-02
   1.2856246e-01
   1.3336441e-01
   1.2286661e-01
   1.3019419e-01
   1.3265750e-01
   1.2757130e-01
   1.4103912e-01
   1.2300117e-01
   1.0650262e-01
   9.0971777e-02
   1.2877206e-01
   1.2966570e-01
   1.4533551e-01
   1.3352211e-01
   1.2356826e-01
   1.4124882e-01
   1.0566584e-01
   1.2709362e-01
   1.7560019e-01
   6.5067433e-02
   2.3807232e-02
   6.5067433e-02
   1.0877353e-01
   1.3093643e-01
   1.1459042e-01
   1.2722452e-01
   1.1971571e-01
   1.3655687e-01
   1.0212985e-01
   1.2971973e-01
   4.6001642e-02
   1.3303584e-01
   2.6848930e-01
   1.4683924e-01
   7.5582217e-02
   1.3856182e-01
   1.3446639e-01
   1.1700751e-01
   1.2561280e-01
   1.3387279e-01
   1.4065574e-01
   7.6704953e-02
   1.3256320e-01
   1.1856975e-01
   1.1908098e-01
   1.2948038e-01
   1.3996770e-01
   1.3138783e-01
   1.1079392e-01
   1.3336264e-01
   1.3710143e-01
   1.3026532e-01
   1.3243128e-01
   1.2233339e-01
   1.2151095e-01
   2.2458221e-02
   1.4006248e-01
   8.7631327e-02
   9.2089946e-02
   1.3021663e-01
   7.2121155e-02
   9.9897891e-02
   1.2782328e-01
   1.2800698e-01
   1.3068697e-01
   1.1353475e-02
   1.3322965e-01
   1.0975496e-01
   1.0556018e-01
   1.1413194e-01
   1.2853418e-01
   1.1756684e-01
   1.2262225e-01
   1.0397615e-01
   1.4022435e-01
   1.2838645e-01
   1.1651888e-01
   1.3093454e-01
   1.3077640e-01
   1.3401811e-01
   1.3393209e-01
   1.3027799e-01
   9.7589178e-02
   1.2867183e-01
   1.4263328e-01
   1.4032747e-01
   1.1223008e-01
   1.3192389e-01
   1.2612072e-01
   1.2088565e-01
   1.3334614e-01
   1.1691695e-01
   1.3301842e-01
   1.4668812e-01
   1.1519706e-01
   1.2868678e-01
   1.3169977e-01
   5.7357894e-02
   4.9558114e-02
   1.1353475e-02
   1.1814371e-01
   1.3701216e-01
   1.3577709e-01
   1.3985114e-01
   2.4838125e-02
   1.3064932e-01
   2.4838125e-02
   8.6307390e-02
   1.2572242e-01
   1.2740646e-01
   1.2739998e-01
   1.2163852e-01
   1.2958369e-01
   1.4186770e-01
   9.6283200e-02
   1.3493096e-01
   1.3364975e-01
   1.0092114e-01
   1.2733726e-01
   1.2933113e-01
   1.1996013e-01
   1.3492273e-01
   1.2660822e-01
   1.2609277e-01
   1.2937026e-01
   1.3334055e-01
   1.2242857e-01
   1.1075122e-01
   1.2558675e-01
   1.2250096e-01
   1.4021538e-01
   1.3166437e-01
   1.2348375e-01
   1.2977119e-01
   4.3558686e-02
   1.0659294e-01
   8.0567944e-02
   8.7317946e-02
   1.2675123e-01
   8.2838311e-02
   1.3169681e-01
   1.4221826e-01
   8.3218543e-02
   1.2388619e-01
   1.1840622e-01
   1.2074472e-01
   9.5680020e-02
   1.1527413e-01
   1.0698573e-01
   9.7322681e-02
   1.0751290e-01
   1.3088714e-01
   1.0493295e-01
   1.1109786e-01
   1.2423025e-01
   1.0172550e-01
   1.2648170e-01
   1.2901919e-01
   1.1935351e-01
   6.9138096e-02
   1.1451964e-01
   1.1103241e-01
   1.2713564e-01
   9.3218420e-02
   1.0402633e-01
   1.0212530e-01
   1.1493914e-01
   1.2445663e-01
   1.2564322e-01
   1.2130227e-01
   1.2527841e-01
   1.1934084e-01
   1.1396113e-01
   1.2503865e-01
   1.0364903e-01
   1.3307285e-01
   1.1945157e-01
   1.2298456e-01
   1.0787528e-01
   1.2293916e-01
   1.3992793e-01
   1.2418062e-01
   1.2665307e-01
   1.1591277e-01
   1.1057092e-01
   1.1561501e-01
   1.1608403e-01
   1.3709255e-01
   1.3288864e-01
   1.1718962e-01
   1.2404179e-01
   1.2911891e-01
   1.1830376e-01
   5.1934352e-02
   1.4204789e-01
   1.3016592e-01
   7.2234842e-02
   1.3711820e-01
   2.4838125e-02
   1.3125360e-01
   1.3124079e-01
   1.0521816e-01
   1.5365016e-01
   9.9983463e-02
   1.1659395e-01
   1.2484490e-01
   1.1930349e-01
   1.1932842e-01
   1.2665693e-01
   1.2794093e-01
   1.2428561e-01
   1.2988229e-01
   1.3678657e-01
   1.3084403e-01
   1.2582738e-01
   7.2121155e-02
   1.2668821e-01
   1.1529307e-01
   1.3949985e-01
   2.7955288e-01
   1.3069299e-01
   8.0667411e-02
   1.3419177e-01
   7.5502031e-02
   1.1719437e-01
   8.3874331e-02
   1.1672154e-01
   5.6272358e-02
   8.6991011e-02
   1.3333660e-01
   9.3865130e-02
   8.8860512e-02
   1.1115562e-01
   1.0796682e-01
   4.6001642e-02
   2.6341117e-02
   1.2118997e-01
   1.1396969e-01
   1.2432061e-01
   1.1376769e-01
   1.1086396e-01
   1.0340922e-01
   1.3910412e-01
   1.3728579e-01
   1.3176504e-01
   1.1924433e-01
   2.4838125e-02
   1.3494434e-01
   1.1124464e-01
   8.8245237e-02
   9.2438582e-02
   1.3083635e-01
   1.3092840e-01
   1.3236443e-01
   1.3251727e-01
   1.2637307e-01
   1.3435392e-01
   8.6609442e-02
   1.3105005e-01
   9.3030497e-02
   1.3126951e-01
   1.3281029e-01
   1.2610057e-01
   9.3803881e-02
   1.2412502e-01
   1.1054197e-01
   1.0873140e-01
   1.3101485e-01
   3.9580714e-02
   8.7724203e-02
   1.2838875e-01
   2.7955288e-01
   1.5193326e-01
   1.3554911e-01
   1.2719969e-01
   8.6021947e-02
   1.2509527e-01
   1.2255727e-01
   8.2616814e-02
   1.3352747e-01
   1.3933319e-01
   1.3116394e-01
   1.3698443e-01
   1.0694215e-01
   1.3237956e-01
   1.0962288e-01
   1.0285257e-01
   1.3812621e-01
   1.0388467e-01
   9.9795330e-02
   1.3302949e-01
   1.3289675e-01
   1.2125443e-01
   1.0951854e-01
   1.2680977e-01
   9.5816908e-02
   1.1522536e-02
   1.0007734e-01
   1.3901972e-01
   1.0286924e-01
   6.9674052e-02
   1.0816215e-01
   2.2458221e-02
   1.3155087e-01
   4.6001642e-02
   1.0593676e-01
   9.5099195e-02
   1.1073307e-01
   9.0179005e-03
   3.0926921e-02
   8.7859059e-02
   9.0179005e-03
   1.1104258e-01
   1.8383269e-02
   1.0926607e-01
   6.2334488e-02
   9.5639562e-02
   3.1176168e-02
   1.3471234e-01
   1.0095794e-01
   1.0399338e-01
   1.0748023e-01
   1.2071075e-01
   1.0422953e-01
   1.1088732e-01
   1.2716763e-01
   1.1798875e-01
   1.3020803e-01
   1.0740880e-01
   1.2558960e-01
   1.0610804e-01
   1.2490473e-01
   9.7541017e-02
   1.1782563e-01
   1.0077399e-01
   1.0382089e-01
   6.9674052e-02
   3.8028245e+00
   8.6670129e-02
   3.8251526e-01
   9.6161759e-02
   3.8251526e-01
   1.0259698e-01
   6.9674052e-02
   1.1238607e-01
   3.8251526e-01
   1.2073694e-01
   9.5193267e-02
   1.2515717e-01
   9.8634594e-02
   1.3273346e-01
   1.1887319e-01
   1.1127688e-01
   1.0032123e-01
   1.2292858e-01
   1.2791092e-01
   1.1907734e-01
   1.2061864e-01
   1.3213262e-01
   1.3331940e-01
   1.2070385e-01
   4.6001642e-02
   1.0457805e-01
   1.3070192e-01
   1.2879047e-01
   1.0234940e-01
   1.2442572e-01
   6.9674052e-02
   1.0511047e-01
   1.3511448e-01
   1.3351138e-01
   1.1159155e-01
   1.3436321e-01
   3.0926921e-02
   5.7307446e-03
   1.3721922e-01
   1.2791595e-01
   1.3150796e-01
   1.4384902e-02
   1.2351164e-01
   9.2608008e-02
   1.2246516e-01
   1.1505406e-01
   1.4229628e-01
   1.4436571e-01
   1.3139749e-01
   1.3523810e-01
   5.6802287e-02
   1.2271735e-01
   9.2977686e-02
   1.2155910e-01
   1.1366356e-01
   8.3918538e-02
   8.9426752e-02
   1.2017343e-01
   1.1864528e-01
   1.1587631e-01
   1.3789333e-01
   1.3032764e-01
   1.3275416e-01
   1.1222525e-01
   1.1144712e-01
   8.1902276e-02
   1.2395353e-01
   1.4311732e-01
   1.2446897e-01
   1.2074247e-01
   1.2946507e-01
   1.4287939e-01
   8.9328381e-02
   8.9866423e-02
   1.1965860e-01
   9.5884610e-02
   1.3397581e-01
   1.4181820e-01
   1.0397467e-01
   1.2787427e-01
   1.2800381e-01
   1.3605076e-01
   8.6211675e-02
   1.4087852e-01
   1.5680228e-01
   1.3691617e-01
   8.8297710e-02
   1.0140809e-01
   1.3747200e-01
   1.3052656e-01
   1.3017588e-01
   1.3602798e-01
   6.5872916e-02
   1.3625336e-01
   9.2577722e-02
   2.6155796e-02
   9.7407716e-02
   1.2569325e-01
   1.3091950e-01
   2.4838125e-02
   9.9783853e-02
   1.2393571e-01
   1.1539752e-01
   1.1223623e-01
   1.2405343e-01
   1.2587351e-01
   1.3073965e-01
   1.2893508e-01
   8.2719344e-02
   1.3460806e-01
   1.2723309e-01
   1.3090173e-01
   1.2688759e-01
   1.2127768e-01
   1.2103502e-01
   1.1649549e-01
   1.1718128e-01
   8.5643385e-02
   1.1852263e-01
   1.2996948e-01
   1.2568009e-01
   1.2078458e-01
   1.2628996e-01
   6.7256759e-02
   1.2573328e-01
   7.7594305e-02
   1.0606972e-01
   1.3900632e-01
   1.2833976e-01
   1.2991888e-01
   1.3223054e-01
   1.1823991e-01
   1.0340920e-01
   1.1816414e-01
   1.2161029e-01
   1.0405551e-01
   1.2602180e-01
   9.0952706e-02
   1.3810628e-01
   1.3425597e-01
   1.2265573e-01
   1.0504325e-01
   1.2928750e-01
   1.1745378e-01
   1.1508417e-01
   9.8787188e-02
   1.1729318e-01
   1.2113242e-01
   1.2270154e-01
   1.0634196e-01
   7.4684318e-02
   1.3318759e-01
   1.3075974e-01
   1.1870422e-01
   1.2660920e-01
   1.2452298e-01
   1.0781718e-01
   1.2225809e-01
   1.3259461e-01
   1.0359306e-01
   1.0603041e-01
   1.1718726e-01
   1.2370634e-01
   1.2997883e-01
   1.1105568e-01
   1.0506148e-01
   1.3217340e-01
   1.2244443e-01
   1.1627801e-01
   1.0867821e-01
   1.2823456e-01
   1.2275039e-01
   1.1690684e-01
   1.2319530e-01
   1.2697891e-01
   1.1678035e-01
   1.2119040e-01
   1.1818669e-01
   1.3147614e-01
   1.1488588e-01
   1.1826677e-01
   1.1918937e-01
   1.0803759e-01
   1.2270729e-01
   1.3657474e-01
   1.0985111e-01
   1.0555965e-01
   1.0317011e-01
   1.1798561e-01
   1.1263389e-01
   9.6364730e-02
   1.0597556e-01
   1.3144167e-01
   7.0423219e-02
   1.3034736e-01
   1.1051908e-01
   1.2827658e-01
   1.0838267e-01
   1.3597255e-01
   1.0379121e-01
   1.2663217e-01
   1.2186593e-01
   1.2558022e-01
   1.1014069e-01
   1.0818672e-01
   1.0824477e-01
   1.2588046e-01
   1.3068702e-01
   1.0767825e-01
   1.1216278e-01
   1.1910994e-01
   1.1033049e-01
   1.2210815e-01
   6.9674052e-02
   9.9796194e-02
   1.2728068e-01
   8.0285987e-02
   6.9674052e-02
   8.3232281e-02
   5.3324724e-02
   1.3395299e-01
   1.2365512e-01
   6.9674052e-02
   1.1521477e-01
   2.7955288e-01
   6.1715117e-02
   9.8391514e-02
   8.4658741e-02
   7.1593343e-02
   5.9455544e-02
   4.7919302e-02
   1.2529268e-01
   1.1131705e-01
   1.2303481e-01
   8.3044439e-02
   1.0345261e-01
   1.2669002e-01
   1.1147077e-01
   3.9580714e-02
   1.3083520e-01
   9.8713699e-02
   1.3516010e-01
   1.1041798e-01
   1.2918291e-01
   1.3037233e-01
   1.3178350e-01
   1.1935258e-01
   1.1932751e-01
   1.1972128e-01
   1.3767858e-01
   1.3079564e-01
   1.0830471e-01
   1.2966738e-01
   1.3889310e-01
   1.1131580e-01
   3.3777717e-03
   1.3063156e-01
   5.6049459e-03
   1.2461475e-01
   1.3451027e-01
   8.1056481e-02
   8.7724203e-02
   1.3985229e-01
   1.0067764e-01
   1.3874639e-01
   1.2759911e-01
   1.3066879e-01
   1.3662484e-01
   1.3067528e-01
   1.2771605e-01
   1.3396552e-01
   1.3579216e-01
   8.9118623e-02
   1.2741331e-01
   1.3398825e-01
   1.3125063e-01
   1.1578363e-01
   1.2435535e-01
   1.2461700e-01
   1.3583994e-01
   1.3386288e-01
   1.2926394e-01
   4.9145209e-03
   1.2011142e-01
   1.3003811e-01
   1.1267330e-01
   1.1670537e-01
   1.3072535e-01
   1.2722152e-01
   1.3352221e-01
   4.9145209e-03
   8.0724986e-02
   1.3258438e-01
   1.2827393e-01
   1.0855519e-01
   1.2703949e-01
   1.0718647e-01
   1.2005409e-01
   1.3506440e-01
   1.3603313e-01
   1.3576443e-01
   1.3987219e-01
   1.3189323e-01
   1.3786463e-01
   1.1929033e-01
   1.2362638e-01
   1.2522352e-01
   1.3874368e-01
   1.2934851e-01
   1.1850419e-01
   1.2389565e-01
   1.0624983e-01
   1.0932580e-01
   1.3479053e-01
   8.8469484e-02
   1.2285772e-01
   1.2896497e-01
   1.4288797e-01
   1.1867904e-01
   1.2515770e-01
   9.3622923e-02
   1.0969367e-01
   1.4519614e-01
   1.2678577e-01
   1.2547867e-01
   1.0933898e-01
   1.4039328e-01
   1.3160639e-01
   1.1069545e-01
   8.0485944e-02
   1.2601015e-01
   1.2031807e-01
   1.1035689e-01
   1.1277065e-01
   1.0387645e-01
   1.2187841e-01
   1.1307511e-01
   1.4635732e-01
   7.8750991e-02
   9.9678792e-02
   1.4226940e-01
   1.3615946e-01
   5.6647797e-02
   1.1141471e-01
   5.3938572e-02
   1.3476194e-01
   7.3665400e-02
   1.2727325e-01
   1.0140714e-01
   1.4078232e-01
   1.2936790e-01
   1.1054844e-01
   1.0546495e-01
   1.2727585e-01
   9.2241065e-02
   1.3010643e-01
   1.0559023e-01
   1.0898177e-01
   2.6848930e-01
   1.2020539e-01
   1.1097517e-01
   1.2972197e-01
   1.3998637e-01
   1.2769689e-01
   1.1504031e-01
   2.6848930e-01
   9.6095151e-02
   1.2439748e-01
   1.2650932e-01
   5.7307446e-03
   9.8085247e-02
   5.7307446e-03
   1.1578136e-01
   1.1736061e-01
   1.4757987e-01
   9.9881821e-02
   1.1977262e-01
   1.3195791e-01
   1.2508727e-01
   1.1380912e-01
   1.3286045e-01
   1.2870785e-01
   5.7307446e-03
   1.2776606e-01
   1.2998487e-01
   1.0974541e-01
   1.2308109e-01
   1.2478198e-01
   1.0258309e-01
   9.4274466e-02
   1.2401400e-01
   1.0179493e-01
   1.1596907e-01
   1.1320319e-01
   1.1401616e-01
   1.2521355e-01
   1.1611090e-01
   1.4011724e-01
   1.4211157e-01
   1.3345287e-01
   1.3681185e-01
   1.2894357e-01
   1.3117051e-01
   1.3218343e-01
   1.1558900e-01
   1.1220068e-01
   1.1479010e-01
   7.2779155e-02
   1.3375857e-01
   6.8964088e-02
   7.6289767e-02
   1.2510128e-01
   1.0366041e-01
   1.1105914e-01
   1.1116913e-01
   8.8288471e-02
   1.3739873e-01
   1.4384902e-02
   7.7303822e-02
   6.9921662e-02
   1.2661937e-01
   9.1859316e-02
   1.1616698e-01
   1.3203146e-01
   1.0607176e-01
   1.1816089e-01
   1.1500918e-01
   1.2992626e-01
   1.1027921e-01
   1.3963243e-01
   8.3285349e-02
   9.2425852e-02
   1.2198464e-01
   1.3084248e-01
   1.0168710e-01
   1.3795609e-01
   1.3053664e-01
   1.1925202e-01
   1.3173106e-01
   1.1732455e-01
   1.2764169e-01
   1.1251426e-01
   9.4527366e-02
   1.4189377e-01
   1.2876942e-01
   1.3134034e-01
   1.1812971e-01
   9.9005658e-02
   1.3203964e-01
   1.2937652e-01
   1.1929012e-01
   1.2293078e-01
   1.3084875e-01
   1.1580289e-01
   1.0778597e-01
   1.2639589e-01
   6.2616875e-02
   5.9077553e-02
   1.2171181e-01
   1.2685128e-01
   7.3584745e-02
   1.3365774e-01
   1.2895734e-01
   1.2204760e-01
   1.2782185e-01
   1.0518910e-01
   1.3395338e-01
   1.1546739e-01
   1.3008551e-01
   1.1586825e-01
   1.3932847e-01
   1.1084164e-01
   1.3080227e-01
   1.3821457e-01
   1.1871264e-01
   1.1343424e-01
   1.3028905e-01
   7.8289340e-02
   9.4531913e-02
   1.1447465e-01
   6.5949459e-02
   1.3541564e-01
   1.1860972e-01
   1.1837425e-01
   1.1044504e-01
   1.2395785e-01
   1.2026016e-01
   1.0623734e-01
   9.4937691e-02
   1.2200885e-01
   1.1341039e-01
   1.3605633e-01
   6.9674052e-02
   1.0329601e-01
   2.6848930e-01
   1.3229959e-01
   1.2802499e-01
   9.9628684e-02
   8.9752870e-02
   5.5620179e-02
   1.2218312e-01
   1.3085040e-01
   8.1574240e-02
   1.2345231e-01
   1.3487680e-01
   1.2607196e-01
   1.2022027e-01
   1.3214043e-01
   1.8383269e-02
   8.8294105e-02
   1.2086308e-01
   9.6194261e-02
   1.0399244e-01
   6.0581618e-02
   1.1455726e-01
   5.9372067e-02
   1.1522536e-02
   1.0675091e-01
   1.1760514e-01
   9.0868938e-02
   1.1675087e-01
   1.2925924e-01
   7.8327313e-02
   8.1029754e-02
   1.1938879e-01
   1.3140899e-01
   2.4838125e-02
   1.4384902e-02
   1.3934405e-01
   1.2850706e-01
   1.1349767e-01
   1.1289968e-01
   1.6921208e-02
   1.2699002e-01
   2.2417366e-01
   1.1775201e-01
   1.3293850e-02
   1.2251463e-01
   1.1152895e-01
   1.0849773e-01
   1.4323614e-01
   1.3187585e-01
   1.2198895e-01
   1.3633780e-01
   8.5635253e-02
   1.1576243e-01
   1.3305566e-02
   1.2990438e-01
   1.1653019e-01
   1.3945584e-01
   6.5892920e-02
   1.3731569e-01
   1.1831842e-01
   4.6001642e-02
   1.2880161e-01
   7.7465968e-02
   1.2914411e-01
   1.1811933e-01
   5.4696283e-02
   1.3456888e-01
   4.9430987e-02
   1.6921208e-02
   1.3749510e-01
   1.1802491e-01
   1.3601022e-01
   1.3756927e-01
   1.3170357e-01
   1.0758961e-01
   1.3628604e-01
   1.3449536e-01
   1.3125749e-01
   1.3576654e-01
   1.3085026e-01
   1.3721704e-01
   1.3124114e-01
   1.2116101e-01
   1.2545916e-01
   1.2137324e-01
   1.0284936e-01
   1.1299393e-01
   1.2222265e-01
   1.3081201e-01
   1.0430997e-01
   1.0395502e-01
   1.3036913e-01
   1.2872392e-01
   1.4036063e-01
   1.2058249e-01
   1.1926028e-01
   1.1562554e-01
   1.3271711e-01
   3.6380345e-03
   1.2641236e-01
   1.1158397e-01
   1.4163469e-01
   1.3248480e-01
   8.8907403e-02
   9.8114391e-02
   1.2731342e-01
   1.2935072e-01
   3.6380345e-03
   1.1894266e-01
   5.3292585e-02
   1.3062628e-01
   1.2411975e-01
   1.3821323e-01
   1.4006326e-01
   1.3127839e-01
   1.3757906e-01
   1.2419770e-01
   1.3059206e-01
   1.3085054e-01
   1.3379287e-01
   9.1857471e-02
   1.3069231e-01
   1.3148447e-01
   1.2178237e-01
   1.0967947e-01
   1.1473627e-01
   1.3045987e-01
   1.2666056e-01
   1.3297147e-01
   1.3363582e+00
   1.1441473e-01
   1.5661334e-01
   4.9862296e-02
   1.2913624e-01
   1.2376608e-01
   1.1617806e-01
   1.0298310e-01
   1.1856564e-01
   1.3120753e-01
   1.0315725e-01
   1.2159666e-01
   1.3569882e-01
   1.3150722e-01
   1.3553297e-01
   1.1302582e-01
   9.0225555e-02
   1.3024811e-01
   1.1414387e-01
   1.1771417e-01
   1.1300161e-01
   1.0990073e-01
   1.0297019e-01
   1.2369171e-01
   1.1242408e-01
   1.4142048e-01
   1.0690851e-01
   4.5690049e-07
   1.3211195e-01
   9.8954663e-02
   1.1051407e-01
   4.5690049e-07
   1.0999473e-01
   1.1451671e-01
   1.0894229e-01
   1.2473911e-01
   1.1706725e-01
   1.2516414e-01
   9.6331321e-02
   1.1428549e-01
   1.3262164e-01
   1.3557240e-01
   1.0672429e-01
   1.3527010e-01
   1.2629556e-01
   8.6037700e-02
   1.3056798e-01
   1.3075937e-01
   1.3142225e-01
   1.1769507e-01
   1.2937481e-01
   1.3644917e-01
   1.3243324e-01
   1.1912971e-01
   1.2074710e-01
   6.9674052e-02
   1.2626987e-01
   9.5923468e-02
   6.9674052e-02
   1.2318497e-01
   1.3129284e-01
   1.3012409e-01
   1.5363227e-01
   1.2527150e-01
   8.7624595e-02
   1.2953790e-01
   1.3187913e-01
   1.3848778e-01
   1.2787990e-01
   1.2978889e-01
   1.3022631e-01
   1.2792142e-01
   1.3667593e-01
   1.3001478e-01
   1.2182968e-01
   1.0881546e-01
   1.1390942e-01
   1.1906312e-01
   1.0827616e-01
   1.0120532e-01
   1.0919353e-01
   9.7672742e-02
   1.0832283e-01
   1.3554344e-01
   8.8591127e-02
   1.1766767e-01
   5.1970072e-02
   1.0122598e-01
   1.0304913e-01
   1.1367412e-01
   1.2901799e-01
   1.0339100e-01
   1.0646474e-01
   1.1526619e-01
   1.0515283e-01
   1.3078036e-01
   1.3691540e-01
   1.0060697e-01
   1.2164636e-01
   4.1425286e-01
   1.1408812e-01
   1.3019000e-01
   1.3117238e-01
   1.2498043e-01
   1.2725205e-01
   1.2502260e-01
   1.2999183e-01
   7.4795404e-02
   1.2217782e-01
   7.3389618e-02
   2.5973954e-02
   2.5973954e-02
   1.3075080e-01
   1.3613379e-01
   1.3486567e-01
   1.3201238e-01
   2.5973954e-02
   1.0564138e-01
   1.3024192e-01
   1.0769184e-01
   1.4401580e-01
   1.2828639e-01
   1.1770973e-01
   1.2700728e-01
   8.6261810e-02
   6.1401576e-02
   1.0852572e+00
   1.2236876e-01
   1.2486364e-01
   1.3181531e-01
   1.2630161e-01
   1.3726959e-01
   1.2066816e-01
   1.2855276e-01
   1.2764977e-01
   6.6043346e-02
   1.4028571e-01
   1.2106862e-01
   1.3382252e-01
   1.1218297e-01
   1.1948680e-01
   1.1285649e-01
   8.1989109e-02
   1.3575501e-01
   1.1622329e-01
   1.1628536e-01
   8.7258895e-02
   9.0548552e-02
   1.2758871e-01
   1.0705157e-01
   1.1301017e-01
   6.2148887e-02
   1.3310883e-01
   1.1544423e-01
   1.3013447e-01
   1.3264694e-01
   1.2675171e-01
   1.1915035e-01
   9.1780076e-02
   1.1610808e-01
   1.1327437e-01
   1.2386713e-01
   1.2622638e-01
   1.1037818e-01
   4.0289194e-08
   1.1172190e-01
   1.2757555e-01
   1.1267708e-01
   1.2293135e-01
   1.1975367e-01
   1.3229936e-01
   1.1937035e-01
   4.0289194e-08
   1.1415777e-01
